0,1228.55,400.80,99.33,355.66,1
0,1039.63,440.89,66.13,168.19,1
0,99.17,433.52,115.36,316.29,1
0,215.58,453.26,64.09,191.80,1
0,809.99,449.41,29.41,99.19,1
0,61.01,464.34,56.66,162.08,1
0,855.24,438.44,40.10,109.39,1
0,889.25,438.97,30.72,104.36,1
0,696.06,449.13,25.21,57.57,1
0,0.03,456.25,41.88,196.48,1
0,840.92,443.48,22.40,80.46,1
0,776.23,444.96,29.81,83.55,1
0,488.84,456.97,26.35,77.18,1
0,262.79,450.75,34.73,156.11,1
0,413.95,456.26,21.16,62.70,1
0,383.44,463.52,17.86,55.86,1
0,1784.69,309.69,134.61,330.53,1
