0,1170.85,450.37,69.59,165.27,1
0,1245.56,426.82,84.04,283.15,1
0,145.35,448.96,74.33,194.93,1
0,243.70,456.77,52.71,178.50,1
0,338.67,426.96,97.65,267.64,1
0,923.15,450.79,32.06,100.05,1
0,969.18,442.79,35.37,103.27,1
0,878.23,447.57,28.02,83.90,1
0,35.50,447.55,30.99,70.73,1
0,1367.63,457.77,37.41,106.88,1
0,522.27,452.42,20.86,65.16,1
0,549.19,448.10,23.57,71.68,1
0,603.60,451.09,28.97,82.44,1
0,948.55,445.88,25.38,95.93,1
0,1843.50,314.13,76.35,336.79,1
0,568.85,440.85,20.35,64.99,1
0,499.05,457.25,20.98,59.04,1
0,677.84,349.88,123.07,143.68,1
