0,1235.80,390.93,101.97,378.93,1
0,1010.98,441.63,64.13,162.77,1
0,788.64,440.66,31.14,103.60,1
0,11.10,423.05,132.33,349.44,1
0,167.95,447.96,67.58,193.76,1
0,840.54,433.33,33.30,113.10,1
0,870.27,432.43,33.49,106.94,1
0,678.29,445.56,22.16,62.14,1
0,758.13,437.77,30.28,87.95,1
0,822.84,437.30,25.68,106.72,1
0,227.86,448.59,34.94,158.86,1
0,463.93,449.87,28.71,83.47,1
0,393.39,449.14,18.71,65.81,1
0,445.23,446.26,25.02,75.40,1
0,116.36,465.12,55.91,177.40,1
0,360.26,458.14,18.88,55.32,1
0,1781.46,335.24,98.42,305.13,1
