0,1273.75,422.41,81.99,272.00,1
0,1223.16,448.64,62.12,164.14,1
0,202.28,447.60,74.34,187.93,1
0,406.73,429.08,92.50,247.42,1
0,295.71,454.25,57.13,181.97,1
0,967.98,444.96,32.31,102.00,1
0,918.32,442.80,29.85,83.29,1
0,102.46,446.53,29.09,67.33,1
0,1407.50,453.75,32.83,104.17,1
0,1014.07,439.22,34.02,110.79,1
0,595.40,448.92,19.08,65.12,1
0,355.31,445.28,55.22,175.13,1
0,567.91,449.88,20.78,62.75,1
0,543.25,449.91,25.87,62.17,1
0,611.78,442.12,20.10,68.44,1
0,1882.14,398.56,37.63,242.37,1
0,645.83,448.93,28.92,74.81,1
