0,1053.71,321.97,66.29,190.92,1
0,1811.33,268.93,108.36,632.97,1
0,1617.56,296.31,183.27,614.43,1
0,810.83,345.85,38.82,121.56,1
0,547.16,341.62,55.51,149.22,1
0,909.26,347.34,63.30,161.53,1
0,246.11,367.02,44.97,126.62,1
0,734.09,352.87,38.30,113.34,1
0,850.29,346.65,32.50,106.99,1
0,1501.72,344.29,60.50,157.47,1
0,768.67,357.58,19.67,66.02,1
0,126.74,370.36,33.20,106.36,1
0,471.25,372.57,18.31,54.22,1
0,875.46,363.52,22.09,84.53,1
0,411.96,365.57,29.46,102.10,1
0,75.40,370.16,25.03,68.85,1
0,437.92,357.90,35.89,113.52,1
0,1504.41,343.64,56.54,72.05,1
0,674.25,363.50,22.27,61.50,1
