0,1694.97,157.49,224.64,810.79,1
0,848.06,250.68,66.48,190.93,1
0,1108.05,268.35,63.15,147.32,1
0,1480.95,168.77,265.24,758.78,1
0,342.05,249.94,71.95,193.66,1
0,926.70,265.99,47.80,133.34,1
0,1051.44,253.45,47.93,138.95,1
0,517.97,240.42,65.69,120.80,1
0,607.02,268.48,44.81,72.28,1
0,1181.11,272.44,36.30,105.55,1
0,155.67,271.47,44.97,129.69,1
0,776.67,272.36,48.38,112.76,1
0,216.85,280.93,37.65,53.12,1
0,310.41,295.13,33.10,77.31,1
0,105.35,272.31,38.20,85.16,1
0,684.66,277.92,23.26,49.30,1
0,704.41,271.66,29.75,53.91,1
0,664.54,281.98,23.00,43.11,1
