0,1631.75,334.70,285.74,707.34,1
0,1260.96,331.17,93.84,287.95,1
0,1382.93,346.53,246.87,689.63,1
0,994.60,379.61,62.33,149.84,1
0,394.42,364.78,46.02,123.91,1
0,846.42,366.14,41.62,134.58,1
0,901.06,363.77,45.92,133.82,1
0,1076.30,378.91,34.07,101.59,1
0,602.53,353.57,77.14,161.86,1
0,182.35,359.75,25.26,69.16,1
0,976.07,364.97,36.66,113.77,1
0,210.91,356.40,47.64,114.68,1
0,697.63,376.48,19.76,45.32,1
0,504.09,357.49,44.33,82.62,1
0,475.90,372.42,31.35,119.84,1
0,944.73,367.30,27.64,89.68,1
0,678.03,376.11,17.95,45.10,1
