0,419.24,358.14,43.19,115.68,1
0,1345.48,335.12,263.96,671.87,1
0,1643.04,320.95,247.38,718.16,1
0,1016.02,373.58,55.98,151.10,1
0,616.13,346.05,70.13,167.30,1
0,1308.18,320.97,99.84,317.00,1
0,1098.13,363.84,37.12,114.42,1
0,861.87,362.65,39.08,135.30,1
0,992.95,361.30,35.37,116.41,1
0,215.82,348.35,50.86,114.29,1
0,909.37,363.48,36.49,130.93,1
0,195.50,349.05,23.44,72.00,1
0,510.36,345.74,39.93,85.53,1
0,474.99,361.75,38.72,124.33,1
0,938.11,365.66,36.93,115.89,1
0,1304.18,481.59,67.94,157.74,1
0,257.50,353.44,23.14,50.45,1
