0,50.32,305.90,70.62,189.27,1
0,1440.94,281.60,247.22,740.58,1
0,1718.91,256.05,201.04,728.57,1
0,0.01,290.61,26.71,204.81,1
0,708.42,286.28,60.16,192.28,1
0,1150.07,319.48,52.39,150.65,1
0,1119.22,305.06,41.33,127.52,1
0,967.75,300.24,45.23,155.91,1
0,1241.18,312.26,37.66,99.31,1
0,309.24,302.21,48.04,115.10,1
0,294.83,298.57,28.52,56.55,1
0,527.76,305.25,32.74,131.29,1
0,1035.95,310.57,27.38,138.63,1
0,546.36,288.08,55.31,145.64,1
0,778.07,321.52,20.74,42.03,1
0,825.15,317.73,18.76,47.77,1
0,849.31,315.24,21.64,62.58,1
0,1007.68,306.57,47.76,142.29,1
