0,1404.22,289.98,261.66,728.44,1
0,41.21,317.69,71.09,190.92,1
0,996.76,317.45,52.76,141.77,1
0,1127.27,329.61,53.63,150.03,1
0,1651.52,245.17,140.63,474.28,1
0,695.11,298.35,62.68,190.73,1
0,1218.26,321.53,39.77,117.00,1
0,1678.04,272.16,241.52,771.75,1
0,1100.51,319.10,36.96,126.57,1
0,952.12,315.74,47.24,152.85,1
0,283.84,312.38,27.71,53.43,1
0,298.14,314.39,42.91,114.17,1
0,519.04,326.40,33.14,123.05,1
0,834.76,330.22,18.06,60.17,1
0,542.87,303.49,51.96,95.65,1
0,809.17,325.40,18.88,52.18,1
0,763.43,327.87,21.10,48.63,1
