0,1646.91,328.88,265.03,696.64,1
0,1363.63,347.07,229.88,671.60,1
0,1284.27,332.47,93.59,304.79,1
0,407.01,358.69,42.62,120.14,1
0,1004.75,371.63,61.00,153.14,1
0,903.21,362.88,42.07,133.00,1
0,853.56,360.58,40.27,138.52,1
0,1084.49,365.25,37.94,113.74,1
0,186.72,350.65,24.97,73.11,1
0,627.29,353.98,54.23,159.23,1
0,211.72,347.67,58.06,116.48,1
0,476.19,366.09,35.94,119.66,1
0,983.57,362.09,32.70,114.41,1
0,937.27,364.51,26.55,113.15,1
0,706.43,373.61,17.48,42.01,1
0,513.14,354.35,33.67,78.38,1
