0,1689.00,231.99,230.52,791.06,1
0,1461.91,254.21,254.68,724.62,1
0,1164.98,311.12,60.77,151.62,1
0,0.07,281.47,33.79,209.35,1
0,44.92,298.49,70.40,192.62,1
0,711.33,276.30,61.25,200.33,1
0,1005.60,298.58,40.93,142.50,1
0,594.05,297.93,35.45,84.45,1
0,1128.53,298.12,46.63,131.92,1
0,973.11,294.66,45.91,159.31,1
0,1037.11,307.05,33.09,127.40,1
0,304.85,297.18,51.25,118.61,1
0,1252.49,318.91,38.83,102.72,1
0,292.52,294.96,25.32,57.09,1
0,514.24,305.86,42.47,152.57,1
0,859.21,310.89,19.93,62.04,1
0,190.78,295.93,22.42,69.86,1
