0,1655.60,301.74,260.71,739.81,1
0,1363.40,317.17,258.47,717.36,1
0,14.72,312.69,70.27,191.87,1
0,1085.50,344.31,58.26,149.03,1
0,670.59,302.39,64.30,186.97,1
0,927.69,325.14,40.50,147.52,1
0,976.07,329.00,41.22,138.88,1
0,275.30,312.07,44.49,115.89,1
0,1177.41,341.38,40.60,109.66,1
0,1068.49,328.72,33.82,123.56,1
0,535.85,304.70,61.49,94.96,1
0,258.34,308.24,25.90,54.84,1
0,1004.17,332.75,30.06,127.89,1
0,780.28,335.39,16.71,49.13,1
0,1527.70,284.81,125.18,451.18,1
0,799.67,335.76,15.64,52.27,1
