0,1644.76,337.10,272.80,700.64,1
0,1278.68,333.72,91.27,303.24,1
0,1372.25,352.37,223.04,657.71,1
0,402.26,360.25,45.43,120.09,1
0,1005.62,375.12,56.06,151.12,1
0,1080.18,369.76,38.82,111.34,1
0,849.46,361.09,42.48,140.32,1
0,900.02,362.99,46.00,134.36,1
0,623.54,355.93,55.12,159.20,1
0,184.51,353.74,25.12,70.87,1
0,475.94,367.92,33.58,120.21,1
0,980.66,364.51,33.66,115.61,1
0,208.99,350.53,55.03,116.77,1
0,704.51,374.96,17.48,44.20,1
0,685.14,372.30,17.43,46.22,1
0,935.20,366.21,30.29,117.75,1
0,508.12,356.27,38.31,74.53,1
