0,1756.75,183.93,163.00,790.36,1
0,823.33,248.45,64.14,199.48,1
0,1485.44,212.53,233.77,721.09,1
0,475.30,234.38,63.68,126.10,1
0,922.29,269.76,37.92,131.28,1
0,1109.07,270.91,52.46,149.22,1
0,586.37,263.97,50.14,75.72,1
0,1039.15,256.42,50.97,140.70,1
0,114.47,261.95,55.33,131.86,1
0,296.63,240.02,84.83,204.34,1
0,873.87,261.72,39.95,140.64,1
0,1165.50,262.09,40.61,118.75,1
0,68.67,250.86,34.05,96.32,1
0,742.44,267.50,44.20,117.20,1
0,669.80,279.56,19.67,47.77,1
0,0.03,238.74,23.76,111.41,1
0,651.20,276.20,19.09,48.38,1
0,254.68,269.26,46.95,105.72,1
0,183.18,268.55,39.01,56.83,1
