0,726.64,260.03,88.52,221.60,1
0,1700.46,221.80,219.54,803.12,1
0,1159.39,297.69,63.26,145.64,1
0,339.84,252.14,95.92,147.08,1
0,934.23,292.38,42.25,135.56,1
0,47.39,252.58,112.47,272.16,1
0,858.55,285.28,47.43,147.43,1
0,1067.94,279.33,46.52,150.61,1
0,542.19,291.62,40.77,82.17,1
0,1224.20,291.68,39.53,114.07,1
0,15.82,288.89,53.90,238.33,1
0,574.18,291.20,52.20,81.53,1
0,0.03,283.11,22.99,99.51,1
0,1089.82,285.23,36.58,145.56,1
0,897.38,305.97,23.01,73.61,1
0,659.61,302.65,18.33,54.45,1
0,1005.80,300.74,16.04,45.76,1
