0,1136.82,272.70,63.18,142.29,1
0,1572.43,199.00,230.89,742.25,1
0,785.65,251.75,67.96,208.57,1
0,411.31,239.94,65.62,139.75,1
0,91.80,276.78,49.62,141.86,1
0,926.63,273.06,41.62,129.26,1
0,1195.50,261.56,40.11,120.32,1
0,1054.52,256.76,49.00,146.81,1
0,847.86,261.68,55.49,149.55,1
0,525.97,278.19,39.67,78.02,1
0,33.69,276.85,35.59,94.03,1
0,196.43,250.74,97.92,231.11,1
0,583.04,275.68,47.88,76.99,1
0,654.85,284.94,20.16,52.81,1
0,162.67,278.92,54.89,203.99,1
0,744.38,284.19,20.41,57.70,1
0,1874.45,321.00,45.21,632.22,1
0,697.90,277.49,31.29,58.98,1
0,680.48,281.18,22.14,56.11,1
