0,1154.27,270.17,55.77,146.50,1
0,1600.14,185.32,245.69,747.28,1
0,784.58,249.72,67.40,217.60,1
0,858.06,262.68,54.22,146.70,1
0,936.48,271.44,38.61,132.22,1
0,402.83,241.38,69.71,139.56,1
0,1063.64,255.89,48.92,149.60,1
0,177.48,248.36,84.37,242.54,1
0,540.06,274.76,37.14,79.02,1
0,1211.38,259.65,35.67,118.89,1
0,91.66,277.54,52.03,142.83,1
0,592.08,275.13,40.52,77.60,1
0,35.54,277.94,35.68,99.30,1
0,145.66,280.65,67.75,206.67,1
0,663.31,280.83,19.88,57.64,1
0,694.73,275.40,34.16,61.44,1
0,752.35,281.84,19.57,61.39,1
