0,1140.31,270.78,61.75,144.20,1
0,785.01,252.21,68.86,210.42,1
0,1577.81,196.03,232.18,746.02,1
0,408.70,241.39,66.16,139.34,1
0,89.54,276.60,51.20,143.05,1
0,929.44,272.38,39.64,130.36,1
0,850.02,263.40,52.85,148.81,1
0,1198.95,259.76,37.91,120.53,1
0,1055.84,256.36,48.13,148.35,1
0,190.60,250.49,93.01,233.62,1
0,528.59,277.78,41.34,77.45,1
0,35.20,279.11,34.90,93.67,1
0,584.26,275.94,41.52,77.57,1
0,154.97,278.61,64.14,206.95,1
0,656.39,284.70,19.75,53.89,1
0,180.70,270.68,59.95,212.56,1
0,1872.15,346.65,47.51,593.34,1
