0,1749.30,256.61,170.43,793.49,1
0,667.67,271.75,110.19,282.30,1
0,1160.25,316.19,57.92,147.38,1
0,340.30,275.46,91.91,148.54,1
0,1233.10,310.47,38.30,122.01,1
0,927.38,320.64,41.10,128.82,1
0,1069.44,301.53,45.86,153.38,1
0,0.00,268.26,59.46,299.34,1
0,849.09,307.87,51.62,142.52,1
0,39.15,305.19,43.62,153.22,1
0,1002.54,321.02,19.26,53.51,1
0,650.82,323.16,20.25,56.84,1
0,604.61,313.42,27.37,68.01,1
0,549.21,313.79,30.28,81.59,1
0,559.80,312.37,50.79,82.66,1
0,1090.14,305.77,37.75,150.45,1
0,889.92,330.58,26.07,68.35,1
