0,761.99,268.71,55.41,170.06,1
0,843.89,281.41,48.63,157.20,1
0,687.54,286.49,41.92,113.17,1
0,1408.12,193.29,124.89,427.63,1
0,1119.37,282.49,54.04,136.49,1
0,91.76,265.95,106.70,194.20,1
0,1172.60,282.77,42.21,115.13,1
0,1362.62,215.57,90.29,377.68,1
0,1662.57,220.68,58.01,171.35,1
0,998.19,287.00,29.78,72.79,1
0,1033.25,291.61,21.82,60.83,1
0,198.92,289.08,34.68,83.99,1
0,727.29,292.93,26.40,70.56,1
0,599.45,290.63,28.63,59.07,1
0,898.86,305.91,42.82,99.52,1
0,1058.45,296.29,20.35,48.41,1
0,938.57,317.97,41.27,89.09,1
0,919.16,310.31,28.43,96.32,1
