0,684.58,282.30,42.22,112.75,1
0,1115.41,279.11,50.95,133.11,1
0,20.74,262.34,117.86,216.24,1
0,1425.79,179.61,125.71,460.72,1
0,747.34,264.91,53.81,168.75,1
0,1173.23,272.66,45.39,124.32,1
0,835.51,277.41,49.02,161.84,1
0,1374.95,205.54,96.46,396.59,1
0,992.36,279.42,29.36,74.49,1
0,162.95,283.38,45.13,91.41,1
0,1027.66,283.93,21.06,62.62,1
0,1672.36,212.71,57.51,169.77,1
0,897.60,300.25,38.90,102.89,1
0,484.63,321.65,36.25,76.59,1
0,1050.50,287.36,23.73,57.57,1
0,934.46,305.85,40.21,96.78,1
0,590.80,286.21,23.33,55.48,1
