0,1388.45,195.48,112.98,419.94,1
0,766.92,269.49,51.60,166.80,1
0,683.72,285.17,43.06,110.04,1
0,113.13,265.45,110.53,195.86,1
0,1120.48,284.13,48.05,134.69,1
0,1346.92,219.29,88.66,360.37,1
0,846.42,278.16,49.14,156.83,1
0,1167.00,279.20,39.96,112.97,1
0,727.11,299.42,25.57,61.47,1
0,893.17,303.19,48.54,100.02,1
0,997.79,284.89,27.81,71.25,1
0,211.04,286.87,32.58,83.19,1
0,937.53,314.92,36.20,86.96,1
0,1031.83,288.31,18.21,59.10,1
0,1650.64,224.12,56.47,164.08,1
0,601.22,291.45,23.36,53.32,1
0,1056.60,294.07,18.95,50.52,1
0,500.18,324.06,37.57,73.46,1
