0,686.73,286.31,40.62,113.75,1
0,755.96,270.98,57.05,168.57,1
0,1414.32,193.61,118.59,441.14,1
0,841.34,282.31,44.10,154.73,1
0,70.40,268.96,108.00,200.47,1
0,1117.41,284.59,50.29,135.84,1
0,1367.97,213.84,97.41,385.98,1
0,1168.53,280.48,46.70,122.02,1
0,995.80,287.72,30.26,71.51,1
0,188.80,291.87,31.46,81.72,1
0,1666.13,221.56,57.31,169.72,1
0,892.69,306.15,46.98,100.76,1
0,1031.25,293.29,21.40,58.85,1
0,1055.39,295.57,21.47,46.87,1
0,592.65,295.14,28.41,53.74,1
0,937.38,315.85,37.53,92.56,1
0,726.27,300.27,26.05,60.77,1
