0,768.44,276.93,55.32,172.50,1
0,1231.82,283.63,53.81,131.57,1
0,1477.91,201.52,110.74,460.99,1
0,854.25,286.49,50.05,158.96,1
0,0.03,269.58,63.26,217.35,1
0,1140.65,289.62,48.03,134.95,1
0,1542.86,169.17,151.69,552.19,1
0,68.94,282.31,45.28,134.26,1
0,729.16,294.42,41.34,111.87,1
0,165.40,298.26,36.46,97.30,1
0,1033.72,291.79,29.67,74.76,1
0,921.36,315.53,50.11,102.10,1
0,1072.03,293.27,23.77,67.05,1
0,969.11,325.42,41.58,94.90,1
0,122.17,302.60,35.48,96.14,1
0,1758.31,213.90,63.22,152.46,1
0,1096.79,297.37,23.40,61.61,1
0,635.55,304.82,17.59,49.12,1
