0,684.94,282.08,45.83,113.33,1
0,753.20,265.01,55.87,168.10,1
0,43.07,263.45,117.47,210.24,1
0,1114.89,280.55,52.82,134.78,1
0,1373.97,211.01,95.70,388.23,1
0,1169.72,274.40,47.02,123.02,1
0,839.07,278.47,45.75,158.22,1
0,1418.13,190.93,136.33,437.41,1
0,174.77,282.34,40.37,88.50,1
0,1670.14,215.90,60.13,172.39,1
0,995.04,282.30,29.45,72.99,1
0,894.04,301.06,46.09,102.42,1
0,937.87,312.21,37.49,90.12,1
0,1029.53,284.42,22.70,62.96,1
0,486.55,320.41,38.28,77.74,1
0,119.17,275.27,39.12,60.28,1
0,1052.76,288.05,22.96,53.89,1
0,591.31,287.72,28.46,57.21,1
