0,684.24,282.64,44.93,113.08,1
0,1421.35,186.17,124.75,455.32,1
0,32.58,264.65,121.01,211.11,1
0,1113.25,282.07,51.17,131.47,1
0,748.40,266.76,55.74,166.26,1
0,1168.51,274.55,47.22,129.40,1
0,1373.35,209.39,95.70,389.33,1
0,836.21,278.45,45.01,162.90,1
0,992.94,280.68,27.83,73.39,1
0,1668.14,215.05,58.79,171.38,1
0,1027.48,283.85,21.88,63.60,1
0,1051.19,289.05,22.64,57.08,1
0,168.76,285.39,40.88,86.88,1
0,894.84,301.73,42.02,101.71,1
0,588.73,289.28,20.69,57.35,1
0,935.42,306.60,38.18,96.55,1
0,488.26,323.22,36.00,75.81,1
