0,837.63,299.03,48.58,162.36,1
0,749.70,280.69,58.19,175.78,1
0,1508.12,214.57,140.08,506.63,1
0,1242.98,298.75,51.19,139.03,1
0,1131.99,302.04,50.36,135.10,1
0,1603.33,177.96,154.84,615.52,1
0,0.00,274.36,54.52,141.87,1
0,118.08,292.46,36.90,105.53,1
0,66.96,296.12,42.69,102.49,1
0,724.92,304.77,32.23,108.45,1
0,1022.46,305.97,31.14,74.60,1
0,916.10,322.44,48.35,110.47,1
0,959.69,336.90,40.16,96.62,1
0,1090.88,314.35,21.89,55.94,1
0,623.54,308.67,16.77,52.57,1
0,1062.45,312.34,16.75,61.45,1
0,1775.89,238.84,63.33,107.76,1
