0,770.70,276.28,52.18,164.28,1
0,682.92,291.40,39.12,111.47,1
0,850.54,286.97,53.58,155.41,1
0,149.81,270.29,100.11,189.72,1
0,1372.38,215.91,123.23,395.51,1
0,1126.75,286.46,44.13,142.74,1
0,1329.76,235.55,88.88,345.66,1
0,1165.20,288.42,37.27,111.65,1
0,999.81,290.51,29.31,74.95,1
0,728.44,305.68,22.58,62.20,1
0,900.69,310.94,42.51,98.00,1
0,1030.73,296.37,18.35,58.63,1
0,228.90,288.09,29.05,93.12,1
0,609.20,299.43,19.10,51.69,1
0,1052.59,306.27,22.74,50.28,1
0,1638.91,238.31,57.27,160.25,1
0,937.85,326.37,36.64,82.97,1
0,600.40,299.65,17.86,52.01,1
