0,768.35,269.88,51.83,164.22,1
0,1381.29,200.75,107.21,410.23,1
0,680.94,282.90,42.43,110.61,1
0,850.92,279.91,46.74,157.41,1
0,1163.07,276.92,41.77,112.93,1
0,1123.20,284.86,45.02,133.05,1
0,130.96,264.96,104.78,191.33,1
0,1335.90,222.36,87.92,354.21,1
0,998.16,283.75,27.93,72.74,1
0,1030.91,287.35,18.60,58.18,1
0,726.02,296.64,26.68,62.39,1
0,895.53,304.15,46.10,98.13,1
0,1644.32,226.97,57.64,160.73,1
0,937.21,313.62,36.73,87.68,1
0,218.22,284.43,26.42,82.41,1
0,1053.00,290.46,22.51,54.37,1
0,602.31,291.19,20.63,52.09,1
