0,1591.65,560.56,53.29,154.22,1
0,566.52,542.91,34.03,93.52,1
0,362.92,545.15,42.18,126.27,1
0,296.52,550.81,48.55,112.69,1
0,1671.28,518.26,43.64,104.93,1
0,413.96,558.16,40.75,118.27,1
0,815.51,509.56,21.27,53.18,1
0,480.39,547.54,25.51,68.43,1
0,594.48,535.13,27.29,94.82,1
0,782.46,507.69,19.79,53.93,1
0,395.03,546.96,30.72,121.31,1
0,542.32,546.02,23.50,78.39,1
0,631.50,531.48,22.05,84.50,1
0,1272.30,498.90,18.25,48.79,1
0,618.98,533.34,25.71,86.95,1
0,447.04,526.54,26.21,93.05,1
0,521.76,544.31,23.63,74.53,1
