0,1700.86,611.91,74.47,190.82,1
0,373.94,576.39,43.67,116.65,1
0,1692.28,546.09,41.18,102.07,1
0,158.55,576.85,50.83,142.61,1
0,308.09,583.71,34.87,93.21,1
0,339.39,554.53,43.68,135.68,1
0,214.27,583.43,48.01,140.12,1
0,709.58,528.12,23.24,55.91,1
0,1567.13,517.08,28.24,81.77,1
0,438.25,568.22,31.32,115.59,1
0,1354.46,529.29,24.11,65.93,1
0,463.80,559.47,31.52,101.60,1
0,15.36,576.32,62.91,147.25,1
0,1535.15,524.06,18.85,57.40,1
0,1217.84,508.06,20.43,55.92,1
0,637.08,517.81,22.57,61.60,1
0,822.83,490.57,19.94,42.16,1
0,1249.63,501.84,20.98,84.98,1
