0,1690.88,607.20,73.28,184.42,1
0,1699.14,543.20,36.13,85.87,1
0,395.26,575.45,42.91,111.85,1
0,181.49,576.51,49.98,139.79,1
0,235.78,580.62,46.93,138.46,1
0,330.69,585.93,34.27,87.05,1
0,457.84,571.70,30.55,111.40,1
0,364.91,577.14,33.11,103.52,1
0,480.77,552.75,32.36,104.22,1
0,720.51,525.31,24.77,56.59,1
0,1578.82,514.78,28.96,73.69,1
0,42.79,580.70,61.07,137.30,1
0,1544.14,522.30,17.94,54.28,1
0,694.45,519.65,22.95,59.57,1
0,836.94,489.13,17.50,42.60,1
0,1222.15,504.56,20.75,57.89,1
0,1231.99,504.78,17.15,56.74,1
0,269.05,580.79,25.93,80.79,1
