0,1558.55,563.79,54.36,147.05,1
0,324.39,557.61,44.01,118.09,1
0,1653.09,535.61,34.88,89.71,1
0,388.22,558.36,43.09,118.96,1
0,433.95,563.51,46.25,118.10,1
0,633.19,537.58,33.94,87.33,1
0,558.81,534.40,30.41,100.48,1
0,471.67,532.25,32.10,92.92,1
0,610.60,545.82,22.20,79.03,1
0,820.05,519.42,20.36,50.81,1
0,1610.84,522.09,21.04,65.97,1
0,789.36,513.75,18.37,54.36,1
0,504.35,552.65,23.11,66.95,1
0,542.63,535.74,23.70,88.42,1
0,1380.19,508.78,25.82,64.07,1
0,755.46,512.44,17.78,64.10,1
0,585.88,546.35,29.79,84.12,1
