0,1738.55,639.10,91.77,230.56,1
0,213.94,588.57,51.31,124.34,1
0,53.10,578.24,59.64,161.76,1
0,280.79,574.82,36.66,141.99,1
0,142.82,598.44,32.89,103.16,1
0,331.14,561.97,41.00,114.14,1
0,0.83,583.64,52.56,152.01,1
0,1500.07,522.10,21.99,65.73,1
0,627.33,527.75,22.43,60.40,1
0,1429.55,526.63,22.34,61.52,1
0,1155.25,508.50,24.70,60.02,1
0,1294.38,525.13,19.98,55.74,1
0,1463.47,530.04,23.29,56.97,1
0,172.01,595.30,34.53,100.90,1
0,548.30,522.84,21.86,59.33,1
0,1098.78,506.56,16.87,40.83,1
0,1411.37,521.32,24.15,71.35,1
0,610.60,543.01,16.70,44.09,1
