0,1727.96,629.95,85.37,216.12,1
0,1673.69,553.30,35.81,103.32,1
0,54.30,573.82,64.19,153.29,1
0,209.81,587.56,37.42,99.10,1
0,283.46,582.82,50.10,121.03,1
0,121.28,578.03,64.62,152.71,1
0,343.24,570.06,42.69,133.32,1
0,387.17,557.81,36.05,111.00,1
0,661.04,525.22,23.78,60.47,1
0,0.04,575.61,52.83,144.91,1
0,244.88,585.43,39.70,118.17,1
0,1527.97,522.32,30.93,66.11,1
0,1181.20,505.72,21.04,58.69,1
0,1457.57,524.10,28.65,63.81,1
0,585.55,520.70,22.86,57.14,1
0,787.30,488.79,17.67,42.33,1
0,642.40,522.34,17.01,60.32,1
0,1123.46,505.15,16.54,38.84,1
