0,1720.19,622.79,84.28,205.86,1
0,1679.00,550.48,36.03,104.36,1
0,309.35,583.06,49.94,119.10,1
0,88.73,577.99,60.81,147.07,1
0,408.90,560.55,32.57,109.43,1
0,368.34,580.59,40.43,122.72,1
0,146.52,588.23,59.68,143.96,1
0,25.47,583.43,52.70,137.12,1
0,238.01,593.43,36.18,94.86,1
0,674.21,528.91,23.02,58.43,1
0,271.11,596.47,39.23,108.38,1
0,1537.07,521.31,28.97,67.89,1
0,1328.25,526.65,31.31,74.03,1
0,598.41,523.28,23.00,59.21,1
0,652.02,525.92,20.49,61.07,1
0,797.06,490.31,17.29,44.03,1
0,1772.50,572.45,29.37,91.53,1
0,1466.73,525.84,27.24,62.40,1
0,1225.35,509.18,19.20,82.37,1
