0,1497.86,419.68,172.78,431.89,1
0,720.66,448.42,87.41,197.59,1
0,817.13,425.62,202.48,496.10,1
0,992.58,400.39,157.36,648.28,1
0,1351.95,442.88,31.07,105.35,1
0,1149.73,441.29,38.13,110.92,1
0,383.07,464.52,44.13,111.04,1
0,1479.80,441.53,55.10,194.65,1
0,671.19,487.69,53.12,102.02,1
0,578.20,456.43,23.36,61.32,1
0,1107.06,440.67,63.93,167.45,1
0,617.10,457.19,21.96,58.03,1
0,978.52,448.35,30.89,72.31,1
0,507.33,455.53,33.98,95.61,1
0,452.47,462.61,30.75,93.17,1
0,1676.10,428.04,106.85,203.37,1
0,704.85,482.05,27.84,97.28,1
