0,26.31,408.41,287.18,441.67,1
0,1049.31,398.78,195.80,609.84,1
0,867.10,422.52,173.84,524.55,1
0,1233.99,433.72,102.07,252.09,1
0,824.12,449.25,76.12,208.88,1
0,1734.71,395.22,137.44,457.96,1
0,1436.38,437.33,48.71,109.75,1
0,1854.01,420.99,65.81,520.32,1
0,736.03,476.54,43.77,124.48,1
0,379.86,464.40,44.34,111.07,1
0,1211.42,449.76,35.87,103.30,1
0,678.61,485.88,48.02,109.42,1
0,492.43,455.23,42.73,106.60,1
0,1705.95,429.82,56.70,150.63,1
0,579.61,455.42,20.72,59.05,1
0,416.50,466.98,40.45,100.89,1
0,1667.23,435.41,42.03,139.60,1
0,1302.03,425.69,39.50,121.07,1
