0,39.87,445.79,189.36,387.75,1
0,399.52,409.81,202.26,380.87,1
0,1069.78,392.76,210.12,619.22,1
0,923.53,423.43,157.97,513.61,1
0,219.74,435.63,109.32,324.31,1
0,732.49,482.62,44.42,108.80,1
0,1249.21,449.53,35.84,95.63,1
0,687.69,480.41,47.64,107.56,1
0,628.20,456.21,24.96,68.21,1
0,581.49,455.81,19.34,56.31,1
0,561.68,454.82,21.59,59.12,1
0,933.05,444.65,36.02,76.04,1
0,657.93,462.03,25.42,69.72,1
0,376.56,461.37,45.96,115.22,1
0,1549.54,415.34,32.14,127.93,1
0,908.23,443.19,62.97,143.87,1
0,1841.44,469.43,72.74,183.13,1
