0,1789.80,420.11,129.90,520.32,1
0,23.48,400.98,213.39,456.18,1
0,801.51,442.83,86.67,214.91,1
0,1033.27,394.97,216.28,615.57,1
0,1269.19,427.54,74.18,260.73,1
0,872.51,421.74,155.83,524.74,1
0,1196.06,447.71,40.84,102.80,1
0,1421.80,438.66,40.79,109.49,1
0,379.41,465.10,44.22,110.64,1
0,734.68,479.08,46.88,118.89,1
0,676.79,485.89,48.26,102.78,1
0,490.01,456.93,49.16,105.57,1
0,1671.22,406.79,173.95,439.58,1
0,558.16,457.19,20.42,57.48,1
0,580.01,455.26,20.74,58.40,1
0,1161.30,438.95,26.86,86.67,1
0,710.01,480.70,28.05,107.81,1
