0,1274.55,430.67,140.21,267.65,1
0,0.00,396.52,111.96,458.22,1
0,796.26,443.44,74.73,215.22,1
0,1676.66,426.54,240.81,506.86,1
0,1018.35,399.32,232.95,604.81,1
0,873.20,421.86,152.90,525.58,1
0,1193.18,447.45,39.76,101.05,1
0,1621.36,409.22,152.93,400.54,1
0,379.82,463.21,41.95,111.40,1
0,733.90,476.95,46.85,117.24,1
0,1160.85,440.05,28.23,87.58,1
0,495.06,456.69,45.19,105.79,1
0,679.17,485.11,50.58,111.80,1
0,558.04,455.89,22.06,59.62,1
0,1790.41,393.36,41.74,40.27,1
0,579.97,455.54,19.46,59.14,1
0,709.24,481.77,26.65,108.81,1
