0,24.96,409.91,284.67,444.46,1
0,1046.37,399.57,198.59,611.16,1
0,866.60,422.47,171.26,525.03,1
0,1230.61,431.64,105.42,254.92,1
0,822.81,447.70,75.23,209.74,1
0,1846.48,414.67,73.29,527.86,1
0,1436.91,436.85,45.81,110.43,1
0,1211.20,449.68,30.88,101.07,1
0,1728.04,397.01,137.58,452.84,1
0,380.40,464.64,43.91,110.81,1
0,735.57,476.64,44.04,124.43,1
0,678.33,485.16,47.57,109.87,1
0,493.18,454.68,42.23,107.39,1
0,579.55,455.33,20.48,59.48,1
0,1301.89,425.52,39.86,121.18,1
0,1667.46,433.19,43.00,142.02,1
0,417.72,463.61,39.84,105.04,1
