0,0.00,448.12,224.83,402.52,1
0,394.94,408.73,199.72,389.27,1
0,914.64,425.53,154.38,508.65,1
0,1066.98,390.87,212.22,622.19,1
0,179.08,434.11,119.70,329.51,1
0,1036.36,432.59,53.12,215.17,1
0,733.52,478.65,45.78,113.98,1
0,666.47,486.85,61.51,102.13,1
0,1539.04,418.97,41.44,125.51,1
0,1245.08,450.87,37.49,92.76,1
0,582.03,455.80,20.38,57.15,1
0,519.33,454.16,24.66,63.86,1
0,563.07,458.20,18.67,55.85,1
0,630.18,459.30,22.10,66.29,1
0,377.46,463.93,37.28,63.90,1
0,542.77,443.10,21.30,70.73,1
0,699.01,484.03,36.83,104.94,1
0,1844.74,467.62,66.95,183.25,1
