0,874.97,421.28,168.96,528.03,1
0,212.55,399.91,125.79,423.24,1
0,1768.72,387.57,151.10,462.78,1
0,1057.76,398.16,193.59,612.80,1
0,1465.82,437.81,38.30,109.34,1
0,735.20,479.50,46.63,115.50,1
0,866.06,440.37,56.38,131.60,1
0,380.81,463.48,43.29,111.30,1
0,678.73,484.08,51.97,111.64,1
0,1696.10,429.26,85.14,203.74,1
0,0.00,606.27,86.28,185.45,1
0,559.17,458.27,19.71,57.52,1
0,706.41,485.38,31.90,103.60,1
0,578.21,454.59,21.51,59.17,1
0,1306.15,423.60,34.26,121.23,1
0,420.49,460.32,38.36,109.01,1
0,490.73,452.35,37.87,105.95,1
