0,28.01,407.04,289.91,437.37,1
0,1743.70,396.16,137.38,455.50,1
0,869.16,422.50,171.96,524.48,1
0,1051.21,397.99,193.15,610.64,1
0,1231.54,459.36,100.94,225.61,1
0,823.07,447.29,70.45,210.66,1
0,1437.81,437.09,51.63,110.02,1
0,374.85,464.20,49.29,111.46,1
0,735.46,476.46,42.85,122.97,1
0,1212.19,450.90,32.83,99.69,1
0,1861.82,411.10,57.71,528.96,1
0,678.44,485.19,48.48,110.47,1
0,492.23,455.36,43.15,106.92,1
0,578.99,455.35,20.76,60.00,1
0,416.08,472.21,41.07,95.98,1
0,1302.76,421.16,38.66,124.62,1
0,559.43,458.25,20.23,57.28,1
