0,777.71,446.09,80.47,210.60,1
0,1333.66,423.33,107.24,281.40,1
0,1667.57,412.57,139.90,489.85,1
0,870.91,419.79,149.84,529.69,1
0,1013.64,397.80,177.73,628.75,1
0,1178.31,447.47,43.33,101.20,1
0,382.36,463.38,42.63,112.64,1
0,1161.67,441.69,25.14,85.01,1
0,505.53,456.08,38.45,104.96,1
0,1589.40,407.24,120.13,399.10,1
0,678.62,487.35,49.41,110.07,1
0,0.20,399.44,118.47,457.20,1
0,734.97,473.72,46.23,115.86,1
0,578.10,455.75,20.42,60.06,1
0,1841.30,382.90,78.26,267.96,1
0,708.33,482.86,27.32,107.88,1
0,624.99,457.11,23.84,61.83,1
