0,34.92,409.00,283.35,431.70,1
0,1052.81,395.93,192.74,614.78,1
0,867.35,422.52,173.53,525.12,1
0,1223.09,433.54,106.50,254.18,1
0,824.31,446.13,77.92,211.07,1
0,1750.04,393.86,143.93,457.12,1
0,1439.07,438.31,53.09,109.20,1
0,379.74,463.23,43.47,112.09,1
0,733.23,476.65,44.65,117.09,1
0,679.10,484.71,48.15,110.59,1
0,1865.79,399.59,53.78,540.57,1
0,492.28,455.29,39.68,106.21,1
0,1212.12,448.75,29.79,101.96,1
0,579.17,455.95,20.86,58.86,1
0,415.72,472.22,41.48,95.30,1
0,1305.51,424.13,34.91,120.30,1
0,559.26,459.23,20.49,56.35,1
