0,0.13,448.54,146.32,335.75,1
0,241.23,404.20,188.68,420.19,1
0,1057.49,398.68,204.35,610.59,1
0,878.86,424.10,167.04,523.62,1
0,1478.32,437.88,43.45,108.29,1
0,677.19,484.64,50.38,110.46,1
0,733.85,478.25,44.44,113.66,1
0,880.34,439.80,54.20,124.80,1
0,377.81,463.67,45.74,111.83,1
0,577.59,455.16,23.37,58.66,1
0,1231.93,448.43,38.47,74.88,1
0,1701.11,428.64,80.62,205.13,1
0,559.02,460.99,19.72,53.87,1
0,1304.81,426.67,31.84,118.17,1
0,420.15,457.26,39.41,112.90,1
0,489.42,454.15,38.36,96.93,1
0,708.74,485.77,27.11,101.63,1
