0,43.33,433.07,167.54,362.39,1
0,385.10,441.23,155.44,299.13,1
0,1061.05,397.05,250.57,614.97,1
0,562.40,410.81,130.85,342.22,1
0,961.69,420.43,142.47,515.85,1
0,302.49,441.52,111.46,356.51,1
0,731.21,475.69,44.16,125.39,1
0,1062.26,432.06,67.87,128.41,1
0,684.17,463.54,46.02,121.10,1
0,937.27,433.79,46.92,155.63,1
0,528.41,454.34,25.33,70.92,1
0,709.62,452.11,25.03,61.11,1
0,513.59,455.90,19.03,67.16,1
0,1255.93,448.82,32.88,80.50,1
0,1060.63,429.59,73.39,285.95,1
0,473.02,452.00,27.18,102.06,1
0,906.12,442.83,39.25,144.27,1
