0,10.84,397.94,150.93,458.57,1
0,803.96,443.76,79.76,213.25,1
0,1023.33,394.61,227.46,615.42,1
0,1269.63,422.18,93.96,266.30,1
0,871.48,422.38,157.51,524.23,1
0,1765.55,425.24,154.28,510.02,1
0,1195.80,446.79,38.69,102.10,1
0,1645.21,411.23,157.45,442.17,1
0,379.92,464.09,43.06,111.28,1
0,734.62,478.24,45.90,117.22,1
0,491.59,457.49,49.49,104.96,1
0,1410.29,432.69,46.83,117.05,1
0,679.54,484.99,49.77,111.40,1
0,1160.97,439.00,27.03,88.31,1
0,558.17,458.03,21.06,57.24,1
0,580.18,455.86,20.14,59.21,1
0,991.06,448.88,26.30,70.63,1
