0,228.15,400.54,141.95,422.94,1
0,1059.36,397.74,196.23,612.83,1
0,872.11,423.13,160.13,524.14,1
0,1471.58,437.20,39.94,110.41,1
0,735.18,479.76,47.71,112.66,1
0,872.41,437.28,58.08,135.97,1
0,381.42,463.73,44.84,111.12,1
0,0.00,442.11,130.38,342.86,1
0,679.00,484.73,49.07,110.87,1
0,1226.83,448.20,34.39,93.88,1
0,560.27,457.83,18.93,57.45,1
0,708.76,485.47,28.90,102.32,1
0,1306.25,422.96,36.35,121.89,1
0,1696.27,428.34,86.35,204.84,1
0,578.47,455.83,20.68,57.59,1
0,492.53,454.45,36.81,102.92,1
0,1774.83,395.24,144.89,453.52,1
0,1190.42,466.47,76.30,143.16,1
