0,0.52,397.31,143.14,461.32,1
0,1269.00,427.49,114.73,261.09,1
0,799.90,443.86,80.36,212.94,1
0,1021.65,396.78,230.55,613.92,1
0,872.65,421.89,154.69,524.84,1
0,1747.75,426.97,171.75,508.70,1
0,1195.19,447.54,39.99,101.49,1
0,379.63,464.67,43.60,110.72,1
0,1659.33,413.78,129.08,474.14,1
0,734.18,478.05,46.30,117.08,1
0,1160.85,439.15,27.42,87.98,1
0,678.90,484.77,50.75,111.35,1
0,494.70,458.29,45.75,103.82,1
0,1409.56,436.38,46.54,112.70,1
0,558.17,458.21,20.71,56.97,1
0,579.54,455.85,21.20,59.06,1
0,707.62,482.50,29.86,109.05,1
