0,237.76,402.58,161.75,421.13,1
0,1057.86,396.75,197.14,612.88,1
0,877.83,423.39,168.88,524.16,1
0,1474.46,438.40,38.48,108.94,1
0,0.00,446.52,143.17,338.53,1
0,732.86,477.76,47.89,117.35,1
0,678.49,484.11,50.81,111.26,1
0,380.66,463.71,42.88,111.23,1
0,1225.49,448.35,39.62,78.43,1
0,1700.19,429.43,83.04,203.47,1
0,876.28,438.48,56.02,124.36,1
0,1793.22,377.92,126.57,475.76,1
0,1305.01,425.12,35.09,120.26,1
0,559.46,457.65,19.69,57.11,1
0,577.23,455.12,23.20,58.74,1
0,418.34,459.45,41.60,110.29,1
0,1015.28,457.37,24.70,71.81,1
