0,643.97,430.77,100.81,264.94,1
0,1577.85,416.47,172.24,420.72,1
0,1363.44,402.07,272.22,669.09,1
0,1193.27,420.84,156.93,587.03,1
0,375.89,480.47,84.07,190.52,1
0,855.98,407.70,66.67,291.41,1
0,803.07,444.66,80.31,277.66,1
0,899.55,433.35,107.32,247.53,1
0,1337.02,413.62,99.55,530.44,1
0,744.25,448.76,39.15,131.20,1
0,566.26,452.79,28.01,77.61,1
0,533.01,456.87,22.16,72.49,1
0,1163.37,439.68,25.20,86.54,1
0,1854.92,450.00,63.91,204.07,1
0,16.51,530.69,79.81,112.89,1
0,1115.91,439.45,37.27,149.64,1
0,1087.07,447.11,41.58,148.15,1
0,994.35,448.18,26.30,70.60,1
