0,1206.15,426.94,207.92,581.39,1
0,659.79,433.81,110.04,266.15,1
0,570.03,453.35,27.76,78.36,1
0,1632.15,406.52,150.96,425.18,1
0,291.70,480.70,103.36,209.72,1
0,729.37,445.75,37.90,129.67,1
0,962.94,445.61,74.10,232.62,1
0,1373.93,397.76,265.46,667.76,1
0,835.51,444.21,112.48,281.57,1
0,536.03,460.19,24.23,69.91,1
0,1033.56,445.64,28.17,85.81,1
0,628.00,454.42,30.48,85.83,1
0,1373.83,410.95,120.37,544.12,1
0,382.61,463.19,47.96,108.88,1
0,1163.43,440.21,25.27,87.14,1
0,426.28,464.70,30.47,106.37,1
0,1107.20,430.88,49.94,163.15,1
