0,1207.30,418.44,212.36,590.49,1
0,657.79,435.33,113.14,264.41,1
0,966.80,435.06,89.39,242.66,1
0,819.99,456.24,128.06,271.11,1
0,283.43,480.53,121.72,212.98,1
0,1638.43,404.11,146.12,444.98,1
0,569.23,450.19,28.70,82.02,1
0,1377.20,409.90,126.44,537.63,1
0,382.73,464.59,48.49,108.59,1
0,1391.99,387.57,260.94,683.49,1
0,1182.78,449.86,29.87,82.93,1
0,1164.35,441.03,23.96,85.36,1
0,536.70,459.93,24.14,72.29,1
0,631.08,454.09,27.43,86.73,1
0,427.07,469.92,29.63,99.97,1
0,1030.19,445.56,31.37,85.07,1
0,1084.36,439.68,44.80,141.36,1
