0,1338.75,423.33,116.91,340.06,1
0,627.25,437.27,79.95,296.04,1
0,1132.41,409.54,201.42,659.72,1
0,303.82,512.76,84.09,134.57,1
0,489.82,435.75,90.79,278.71,1
0,719.95,437.15,116.96,269.41,1
0,382.24,462.34,46.37,113.20,1
0,808.07,410.46,78.42,285.69,1
0,588.67,455.98,18.48,53.85,1
0,721.17,454.21,29.92,90.58,1
0,550.61,453.80,28.38,59.97,1
0,1071.18,420.08,107.11,545.06,1
0,813.24,564.01,328.81,412.08,1
0,418.11,459.04,38.54,111.56,1
0,618.59,457.82,27.05,40.34,1
0,1250.70,421.93,108.39,397.76,1
