0,1540.29,416.10,207.63,409.90,1
0,635.27,434.65,84.57,263.99,1
0,1174.68,418.08,159.95,590.83,1
0,841.91,405.55,79.78,298.71,1
0,0.30,405.16,220.47,671.04,1
0,904.99,431.31,100.88,249.80,1
0,775.02,433.49,97.68,290.67,1
0,1353.17,403.59,246.50,664.95,1
0,409.38,478.48,80.20,187.50,1
0,564.23,450.82,28.08,81.47,1
0,1091.20,438.54,56.97,153.68,1
0,355.99,508.83,60.73,115.84,1
0,1678.90,429.32,105.43,205.49,1
0,530.17,459.39,24.79,70.71,1
0,1163.39,440.11,25.28,86.14,1
0,727.73,449.60,27.08,82.26,1
0,1851.43,473.47,65.03,180.07,1
0,995.38,446.69,25.53,71.39,1
0,1324.73,406.48,98.46,478.86,1
0,382.56,467.09,45.29,67.45,1
