0,1489.44,412.31,106.18,387.78,1
0,833.35,408.39,85.84,299.36,1
0,1130.71,423.44,165.55,588.78,1
0,741.09,436.79,104.53,297.50,1
0,1291.47,402.83,229.89,663.12,1
0,17.12,400.04,412.24,654.37,1
0,588.69,428.36,90.72,281.55,1
0,478.28,467.84,75.62,178.85,1
0,1084.14,431.69,62.26,161.63,1
0,409.15,490.06,65.24,141.27,1
0,564.03,452.69,27.00,77.35,1
0,382.43,463.11,39.83,105.83,1
0,998.42,446.49,23.74,71.51,1
0,957.54,482.45,54.39,97.41,1
0,1021.46,445.01,31.49,84.46,1
0,1046.59,441.10,37.70,125.35,1
0,1294.35,474.15,58.10,146.57,1
0,1673.24,428.45,109.53,168.44,1
