0,1516.58,411.83,173.98,394.79,1
0,1151.64,420.86,173.43,588.57,1
0,740.01,436.86,117.86,294.21,1
0,621.03,434.87,85.09,270.91,1
0,837.62,406.41,78.38,296.21,1
0,0.35,376.27,290.91,691.52,1
0,1340.21,401.14,212.70,664.39,1
0,437.56,474.87,80.01,185.80,1
0,898.93,431.78,87.03,244.66,1
0,529.11,456.38,26.15,73.66,1
0,565.36,454.31,27.23,75.65,1
0,1163.43,438.41,25.79,87.24,1
0,996.09,448.16,24.58,68.85,1
0,1313.20,411.94,78.50,303.20,1
0,730.03,450.10,25.78,81.51,1
0,1848.55,474.77,65.95,178.54,1
0,1097.90,429.81,47.65,161.69,1
