0,1513.00,411.18,149.32,393.10,1
0,739.05,440.20,117.46,290.67,1
0,1149.21,418.64,168.13,588.04,1
0,837.53,405.67,82.50,297.55,1
0,617.05,435.02,81.64,271.40,1
0,0.00,382.86,378.53,685.68,1
0,1338.22,400.43,214.73,666.66,1
0,443.35,476.19,83.27,183.19,1
0,529.70,455.96,25.42,74.09,1
0,565.17,453.81,27.15,76.49,1
0,1312.09,410.51,83.20,297.65,1
0,899.79,429.58,69.74,246.89,1
0,996.49,447.30,23.80,68.70,1
0,730.48,451.41,24.86,78.02,1
0,1852.87,457.95,64.16,196.59,1
0,1090.33,432.08,54.15,159.16,1
