0,1483.00,413.83,101.11,386.66,1
0,832.29,407.15,85.89,302.18,1
0,739.52,435.36,91.72,297.31,1
0,1127.10,421.95,162.86,582.67,1
0,480.89,471.15,79.06,172.38,1
0,44.94,385.73,367.69,670.40,1
0,1283.81,404.48,227.39,661.29,1
0,602.99,428.18,74.96,280.42,1
0,413.33,496.82,67.46,128.89,1
0,381.58,461.02,40.90,112.76,1
0,1084.53,432.57,61.61,159.77,1
0,563.09,451.35,28.59,79.14,1
0,998.76,447.92,23.84,71.00,1
0,956.95,482.21,54.31,97.07,1
0,1048.26,440.42,39.02,118.92,1
0,1851.45,463.29,64.94,189.61,1
0,1286.42,460.43,70.41,371.73,1
0,1020.32,447.15,28.11,78.87,1
