0,1294.54,405.04,234.85,661.94,1
0,1136.42,422.52,160.67,590.66,1
0,1494.40,412.36,109.29,388.68,1
0,740.54,439.65,109.96,294.15,1
0,832.15,406.90,90.53,301.74,1
0,585.95,432.40,94.73,276.62,1
0,2.40,399.71,391.78,662.74,1
0,475.47,467.41,72.38,180.61,1
0,563.59,453.42,28.13,76.67,1
0,1297.44,414.80,66.90,262.63,1
0,998.28,447.52,22.75,68.23,1
0,1083.83,431.10,61.87,160.82,1
0,1036.86,440.40,47.39,118.21,1
0,957.18,482.54,56.60,98.54,1
0,423.11,507.90,44.10,120.39,1
0,1852.72,467.15,64.11,186.34,1
0,1020.18,450.03,19.97,76.09,1
0,528.25,461.08,26.20,63.23,1
0,382.44,462.74,38.89,104.71,1
