0,1557.15,423.34,186.89,407.84,1
0,639.56,433.96,88.20,260.88,1
0,1182.58,419.59,159.19,587.92,1
0,796.22,440.26,78.68,284.58,1
0,847.24,408.14,79.39,291.67,1
0,1360.04,405.73,262.72,665.80,1
0,907.39,435.58,101.08,243.00,1
0,531.58,457.29,24.32,72.51,1
0,388.17,477.61,99.06,197.09,1
0,1325.43,415.13,105.34,537.78,1
0,564.90,451.89,28.97,79.51,1
0,1699.36,429.53,82.78,205.95,1
0,1164.10,439.50,23.18,87.07,1
0,1852.07,456.11,65.64,198.64,1
0,996.10,448.53,24.70,70.96,1
0,1106.03,432.65,45.33,160.34,1
0,382.04,464.04,40.71,73.99,1
0,710.84,476.98,27.28,59.84,1
0,727.97,450.30,25.76,83.80,1
0,749.40,449.14,33.18,99.51,1
0,1090.71,455.37,32.59,133.82,1
0,349.85,509.33,53.00,112.23,1
0,0.00,484.99,84.66,586.01,1
