0,1203.87,421.05,191.15,588.96,1
0,649.86,434.79,118.07,264.26,1
0,1623.10,402.56,136.98,433.22,1
0,317.52,482.58,99.66,199.07,1
0,952.27,431.50,68.26,248.38,1
0,568.44,451.26,29.14,78.73,1
0,809.12,438.05,137.06,287.77,1
0,733.47,443.59,39.99,130.16,1
0,1359.33,413.66,116.20,533.62,1
0,1394.82,401.97,316.63,665.97,1
0,1856.08,468.06,61.79,187.29,1
0,1163.79,440.73,24.98,86.38,1
0,424.79,464.17,32.96,108.70,1
0,536.04,459.54,22.43,71.24,1
0,0.04,547.87,40.44,145.19,1
0,1116.38,438.73,39.72,152.39,1
