0,1603.31,413.98,152.19,424.39,1
0,1200.90,420.95,180.33,586.64,1
0,649.77,430.78,110.50,265.17,1
0,915.17,434.16,92.46,246.14,1
0,803.88,442.05,99.13,281.61,1
0,566.25,451.34,31.37,78.34,1
0,1347.20,411.90,108.46,540.60,1
0,1368.65,409.40,292.46,662.40,1
0,740.98,445.28,39.72,123.99,1
0,339.16,481.04,102.02,200.07,1
0,1697.18,429.38,83.19,204.95,1
0,871.56,406.59,52.24,259.72,1
0,534.10,460.06,22.73,71.70,1
0,1113.31,430.63,41.38,160.08,1
0,1164.03,441.07,24.50,86.08,1
0,0.13,530.62,69.17,125.25,1
0,995.89,447.94,26.13,71.90,1
0,0.00,533.22,70.84,418.72,1
