0,1671.13,410.66,215.04,473.20,1
0,1229.31,419.90,203.66,592.56,1
0,698.23,433.51,71.72,268.10,1
0,967.81,466.19,116.62,214.02,1
0,237.26,480.36,96.08,221.21,1
0,858.74,440.98,94.81,285.84,1
0,1488.17,376.16,201.35,603.31,1
0,1382.36,409.90,157.83,559.73,1
0,571.68,452.87,26.88,79.51,1
0,383.08,464.68,47.65,108.94,1
0,860.77,407.18,59.15,93.61,1
0,537.27,461.15,25.02,73.45,1
0,1182.13,449.16,28.42,83.26,1
0,631.84,454.07,28.71,85.79,1
0,1075.93,445.27,46.01,103.44,1
0,1163.49,438.56,24.82,88.69,1
0,424.89,468.90,31.12,100.96,1
0,1850.11,445.15,68.66,210.64,1
