0,901.30,445.11,150.59,278.69,1
0,97.26,476.91,137.75,253.17,1
0,1783.88,392.18,135.89,483.57,1
0,1322.13,412.61,229.72,635.56,1
0,710.83,431.89,119.38,269.53,1
0,1036.15,460.89,76.72,217.38,1
0,874.92,411.56,74.07,288.79,1
0,572.56,453.88,29.13,79.70,1
0,1469.64,414.40,118.07,517.96,1
0,1538.92,372.81,230.35,697.94,1
0,419.38,466.30,37.73,103.17,1
0,540.56,461.61,26.57,72.99,1
0,1181.91,449.67,25.38,80.89,1
0,1163.57,439.54,24.21,88.91,1
0,1112.03,472.63,43.14,119.23,1
0,375.40,466.10,53.84,107.80,1
0,1696.02,424.54,91.69,189.40,1
0,637.32,454.84,26.57,87.43,1
