0,13.53,479.05,155.67,264.90,1
0,1047.69,439.32,103.89,237.97,1
0,734.17,429.21,105.51,272.26,1
0,904.33,449.94,151.76,272.70,1
0,1325.96,418.24,249.11,646.73,1
0,1837.21,387.18,82.55,504.58,1
0,881.24,410.48,76.20,295.11,1
0,571.46,453.98,30.38,81.74,1
0,691.42,452.02,32.94,118.96,1
0,641.44,456.11,28.74,88.81,1
0,1578.03,378.69,275.16,679.60,1
0,1498.61,423.64,123.54,541.22,1
0,1105.65,446.47,50.54,147.69,1
0,380.56,464.04,48.19,109.93,1
0,424.56,465.36,32.41,104.71,1
0,1181.98,449.77,25.05,80.89,1
0,1164.56,441.63,23.33,85.92,1
0,720.59,450.98,28.88,89.67,1
0,541.07,461.33,28.98,71.40,1
0,667.65,459.70,25.88,79.38,1
