0,387.71,879.24,97.78,200.67,0.8875
0,411.13,324.82,80.21,227.8,0.8808
0,1723.98,457.18,72.31,208.39,0.8647
0,1178.37,963.45,84.88,115.3,0.8593
0,102.87,547.97,74.45,246.7,0.8562
0,991.06,190.85,55.44,181.29,0.8532
0,13.99,722.81,69.39,233.68,0.8435
0,1427.83,203.89,62.9,182.87,0.8294
0,1357.53,573.6,90.04,227.96,0.8206
0,489.85,204.79,79.83,196.84,0.8108
0,1234.91,165.24,67.73,158.57,0.7833
0,354.31,104.58,59.17,171.43,0.7047
0,290.65,125.8,51.99,166.6,0.6994
0,800.2,150.42,49.15,163.5,0.6728
0,769.5,190.7,48.6,172.24,0.6259
0,207.49,135.13,50.96,155.01,0.612
0,708.14,1.13,49.98,150.37,0.5979
0,879.09,192.51,58.6,165.15,0.5727
0,474.43,118.59,57.56,155.28,0.5688
0,841.56,174.73,46.99,185.38,0.5659
0,432.48,21.11,51.86,160.24,0.5589
0,630.54,756.11,49.89,161.01,0.511
0,258.97,94.27,45.75,181.1,0.4278
0,488.74,38.27,49.61,110.06,0.4051
0,1483.91,225.91,53.79,156.62,0.3596
0,528.0,58.21,57.43,154.38,0.3578
0,1488.18,69.94,49.02,71.95,0.3525
0,127.55,418.78,51.52,117.85,0.3476
