0,104.17,547.63,76.04,247.6,0.8859
0,379.45,395.27,80.6,229.15,0.8748
0,1726.08,456.73,71.9,209.41,0.8566
0,1356.64,571.78,87.66,224.86,0.8433
0,1617.34,252.78,61.4,176.7,0.8408
0,1802.19,222.17,61.75,177.99,0.8361
0,1138.86,973.83,65.92,106.17,0.7993
0,794.16,148.24,58.85,171.13,0.7916
0,1048.33,206.13,73.06,177.23,0.7798
0,538.45,155.14,61.66,188.3,0.7773
0,491.18,146.25,56.08,173.93,0.7686
0,708.17,0.94,49.79,150.55,0.6474
0,350.43,102.42,55.78,174.0,0.614
0,419.63,86.72,45.86,166.21,0.6105
0,1035.39,141.92,63.85,172.49,0.6014
0,0.04,851.04,45.68,225.49,0.5959
0,210.36,383.69,77.5,190.41,0.5884
0,1208.13,25.1,66.2,124.37,0.5364
0,239.08,353.16,66.61,212.4,0.5139
0,215.83,105.08,46.45,183.44,0.5023
0,1011.48,1.48,26.7,66.9,0.481
0,1480.99,71.03,55.58,145.05,0.476
0,286.06,132.71,54.58,154.11,0.4618
0,916.91,141.4,50.47,163.48,0.4581
0,882.26,129.97,51.87,176.28,0.458
0,462.12,74.76,48.29,165.13,0.3802
0,254.57,92.51,42.81,182.75,0.3794
0,1039.87,1.4,48.64,72.04,0.359
0,489.48,41.0,50.3,122.42,0.3214
0,632.23,756.8,116.53,171.78,0.3056
0,1412.75,238.68,70.55,170.19,0.3018
