0,388.4,872.46,100.45,206.99,0.8745
0,413.86,321.6,77.28,227.47,0.8683
0,1723.6,457.55,72.77,208.32,0.8643
0,989.16,190.96,56.2,180.7,0.8611
0,1177.2,962.3,84.0,117.11,0.8606
0,102.9,547.96,74.87,246.97,0.8585
0,16.17,720.5,71.01,234.67,0.8477
0,492.41,207.09,79.8,195.52,0.8285
0,1358.0,573.42,89.64,228.33,0.8253
0,1425.23,199.62,59.73,185.26,0.8048
0,291.27,125.77,54.1,167.35,0.7597
0,797.96,148.39,51.48,169.32,0.7007
0,207.43,135.39,51.88,156.36,0.6931
0,353.82,105.24,58.82,170.26,0.6693
0,706.85,1.28,51.49,149.92,0.6393
0,434.16,19.24,51.05,161.82,0.6138
0,475.57,119.01,52.93,149.42,0.6089
0,1483.33,201.91,51.59,167.26,0.5969
0,761.84,188.83,47.44,173.09,0.5828
0,840.13,176.27,47.76,184.73,0.5305
0,126.44,418.49,50.54,121.99,0.5167
0,1320.88,205.84,55.29,114.8,0.493
0,879.69,193.87,50.03,165.86,0.486
0,630.16,756.65,50.27,160.99,0.4737
0,257.95,110.4,44.13,168.93,0.4666
0,489.28,38.25,49.2,109.93,0.4098
0,527.25,59.29,58.26,156.03,0.3588
0,1488.4,70.29,48.7,73.44,0.3504
0,1233.23,163.2,65.87,159.88,0.3427
