0,102.06,548.98,77.72,245.97,0.882
0,392.0,365.62,86.48,232.74,0.879
0,1723.77,456.57,72.45,209.24,0.8567
0,1356.99,571.38,87.69,225.02,0.8533
0,1023.87,162.04,60.7,178.76,0.8514
0,0.12,791.76,65.94,227.82,0.8467
0,904.85,199.15,95.72,172.45,0.8311
0,1200.02,984.72,67.85,94.62,0.8227
0,1842.83,261.25,75.08,187.49,0.8193
0,793.72,149.5,59.31,169.31,0.7902
0,1489.53,220.45,58.38,190.29,0.7868
0,862.13,151.0,55.68,182.23,0.7563
0,499.02,171.65,74.84,192.66,0.7536
0,351.35,102.46,60.97,175.35,0.7198
0,381.31,984.04,96.34,95.43,0.7063
0,443.96,47.07,48.08,164.31,0.6571
0,487.99,38.84,51.06,148.69,0.6193
0,707.28,2.24,50.75,148.16,0.5841
0,282.56,121.31,53.6,168.33,0.5793
0,1336.74,179.58,47.03,146.27,0.5658
0,175.85,367.23,72.29,193.01,0.5358
0,1575.67,228.98,44.56,116.05,0.4694
0,1215.81,24.79,62.63,119.92,0.4434
0,248.7,81.73,60.58,195.38,0.4254
0,531.96,56.55,51.62,152.65,0.4195
0,1481.23,70.74,55.51,144.5,0.4017
0,1370.62,214.16,72.51,164.52,0.3896
0,404.53,84.09,51.89,157.17,0.3276
0,910.21,164.31,33.75,101.37,0.305
0,491.72,173.43,36.97,172.76,0.3034
