0,416.48,316.43,80.23,217.35,0.8963
0,391.01,861.31,106.65,217.21,0.8877
0,102.75,548.83,75.11,245.85,0.8676
0,1722.98,457.04,73.05,209.19,0.8611
0,1174.2,960.56,79.97,119.15,0.8528
0,20.97,711.05,69.73,221.58,0.8507
0,1358.63,573.79,88.11,227.32,0.8192
0,1419.05,197.46,56.49,187.04,0.8144
0,496.32,207.31,81.59,196.63,0.8105
0,976.48,193.99,63.08,169.63,0.7934
0,1471.74,195.73,52.17,163.58,0.7221
0,794.57,151.22,52.34,167.43,0.7192
0,208.27,134.43,51.61,149.44,0.6982
0,355.49,104.81,56.62,171.24,0.6825
0,293.27,127.46,54.52,165.78,0.6791
0,707.54,1.67,50.96,150.28,0.6752
0,121.44,419.99,51.06,118.97,0.6453
0,433.42,13.39,54.38,155.18,0.627
0,734.95,190.27,65.1,173.3,0.6136
0,255.57,92.14,50.72,187.9,0.5822
0,479.85,120.99,52.65,148.45,0.5732
0,835.02,179.68,53.77,182.28,0.5297
0,1227.76,155.62,43.2,167.52,0.5205
0,1486.71,69.41,50.43,110.15,0.4385
0,488.75,39.09,49.97,115.09,0.4295
0,629.4,757.84,50.26,160.76,0.4285
0,530.1,57.36,56.85,158.83,0.3886
0,682.59,211.01,62.98,133.57,0.3364
0,876.32,200.46,41.17,170.09,0.3167
