0,384.24,370.51,94.51,230.93,0.8937
0,102.26,548.53,78.16,246.31,0.8764
0,1724.95,456.04,71.29,210.3,0.8604
0,1358.01,571.05,86.41,226.96,0.8332
0,0.07,812.47,62.45,240.61,0.8323
0,1021.74,158.97,63.61,180.31,0.8143
0,958.48,198.11,58.28,176.25,0.8041
0,1179.44,981.63,62.47,97.65,0.7963
0,794.82,149.87,57.72,166.91,0.7924
0,1589.21,234.25,48.91,171.75,0.7852
0,1837.02,250.17,72.52,187.27,0.7589
0,871.15,143.92,50.83,179.11,0.7502
0,185.93,369.26,62.77,191.75,0.7147
0,515.7,166.84,53.82,188.58,0.6979
0,353.7,104.13,64.52,173.91,0.658
0,384.78,1000.89,90.69,78.12,0.6501
0,1392.97,226.04,60.15,163.76,0.6135
0,706.6,1.35,51.11,150.06,0.5809
0,919.39,158.76,42.25,162.3,0.5595
0,1347.17,184.52,56.81,145.64,0.5478
0,246.06,81.01,57.65,193.9,0.53
0,1208.73,12.67,70.02,133.59,0.5042
0,282.74,112.61,53.12,177.43,0.496
0,1488.44,70.45,48.03,71.76,0.4891
0,494.91,165.24,40.42,174.45,0.4837
0,451.0,54.68,43.73,157.65,0.4701
0,416.23,67.19,40.84,165.68,0.3714
0,489.71,39.48,49.43,127.21,0.3402
0,631.81,757.19,49.27,161.84,0.3152
0,210.01,147.79,54.68,140.62,0.3054
