0,393.4,845.6,103.02,233.52,0.8888
0,24.57,697.55,69.33,225.83,0.8763
0,420.03,309.8,81.64,224.08,0.8634
0,1724.44,457.06,71.34,209.03,0.8629
0,102.33,548.62,75.97,245.59,0.8546
0,967.78,199.23,65.06,182.18,0.8318
0,1168.96,953.24,72.85,126.44,0.8315
0,1358.87,573.65,88.11,228.84,0.824
0,1406.13,195.53,56.92,186.77,0.8122
0,1176.66,150.68,84.5,171.44,0.7779
0,1457.37,193.13,52.42,166.21,0.7754
0,824.8,187.15,59.06,182.98,0.7551
0,498.85,216.55,82.13,194.45,0.755
0,355.58,105.9,57.24,169.89,0.7322
0,793.47,149.32,52.85,185.87,0.7007
0,482.43,126.99,52.88,149.07,0.6971
0,435.89,12.55,48.38,155.29,0.6414
0,208.18,134.38,50.58,147.7,0.6409
0,293.91,122.59,49.46,170.61,0.6379
0,708.49,1.24,49.53,150.71,0.6304
0,867.51,216.47,52.33,155.77,0.5819
0,255.5,94.55,50.39,184.32,0.5616
0,112.83,419.44,52.84,118.65,0.5423
0,490.42,39.25,48.71,119.15,0.5139
0,728.52,190.12,42.92,169.13,0.4973
0,1284.33,198.23,59.35,117.2,0.4973
0,628.44,756.32,53.13,161.45,0.4963
0,532.41,60.14,53.71,155.36,0.4084
0,377.18,15.74,47.05,139.28,0.3821
0,683.49,280.42,51.76,126.99,0.3082
0,1488.34,70.42,49.02,72.0,0.3008
