0,391.57,860.21,105.62,218.5,0.892
0,417.79,314.47,80.43,217.93,0.8838
0,21.46,704.35,71.79,222.93,0.8697
0,1722.62,456.89,72.79,209.1,0.8626
0,102.22,548.68,75.47,245.59,0.8549
0,1172.83,958.4,77.65,121.41,0.8413
0,1358.82,573.58,88.62,228.6,0.8139
0,975.57,195.78,62.51,178.15,0.7862
0,497.85,207.84,82.83,194.83,0.7839
0,1467.91,192.63,52.88,167.96,0.7604
0,1416.26,197.72,54.86,181.63,0.7474
0,729.53,190.32,68.2,172.02,0.73
0,794.37,151.9,53.0,171.27,0.7201
0,354.42,104.95,57.3,171.72,0.7175
0,208.57,134.5,51.52,148.75,0.6776
0,707.8,1.53,50.51,150.64,0.6458
0,434.94,12.71,51.16,156.13,0.6286
0,294.22,125.8,49.66,166.07,0.6286
0,254.78,91.83,51.16,188.19,0.6172
0,481.47,123.86,51.79,159.3,0.6025
0,119.44,420.91,51.93,118.7,0.5773
0,833.41,180.58,50.27,181.01,0.562
0,877.01,202.29,44.27,168.96,0.5222
0,630.2,757.47,49.39,160.37,0.4853
0,1218.21,154.75,48.76,170.27,0.4136
0,1487.33,69.53,49.73,106.85,0.3771
0,489.12,38.86,49.67,117.29,0.3734
0,529.81,55.23,57.37,157.81,0.3653
