0,380.2,903.6,110.72,175.55,0.8959
0,404.64,330.23,84.65,223.44,0.8881
0,102.52,548.31,75.74,246.14,0.8788
0,9.7,739.76,66.8,221.92,0.8771
0,1181.4,964.82,84.52,114.62,0.8701
0,1724.06,456.9,72.36,209.08,0.8565
0,1357.22,571.91,87.29,225.32,0.8393
0,993.66,189.15,61.62,173.62,0.8329
0,1437.79,204.9,72.25,189.1,0.8295
0,480.54,189.79,90.9,199.0,0.82
0,846.11,165.78,52.16,180.76,0.8149
0,780.0,194.91,82.59,174.76,0.7334
0,467.29,114.08,60.42,149.9,0.6981
0,286.1,119.34,54.8,172.63,0.6802
0,351.23,105.38,60.3,170.31,0.6384
0,894.51,187.55,47.16,164.94,0.6286
0,707.84,1.78,50.41,148.85,0.6269
0,430.51,24.11,52.46,167.2,0.5742
0,209.59,136.19,46.93,150.04,0.4626
0,630.15,756.14,112.72,172.22,0.455
0,1509.23,206.39,39.11,69.15,0.4333
0,488.62,38.35,50.05,105.66,0.4252
0,1328.9,203.51,69.59,126.12,0.4208
0,532.97,58.61,53.15,158.22,0.3906
0,257.45,94.07,43.59,182.21,0.3752
0,1218.13,26.28,57.53,116.27,0.3609
0,1487.59,69.43,49.41,109.09,0.3314
0,1260.06,171.91,54.25,148.16,0.3227
