0,383.27,890.27,102.49,188.25,0.8871
0,407.88,327.13,82.21,226.81,0.8769
0,102.81,548.67,74.43,245.57,0.8663
0,1723.4,457.09,72.74,208.38,0.8594
0,993.08,190.19,56.96,183.79,0.8537
0,1178.59,962.82,86.49,116.49,0.8532
0,11.96,728.78,68.09,230.94,0.8272
0,485.08,200.72,84.5,191.93,0.8146
0,1433.28,203.77,63.26,186.59,0.804
0,1357.05,572.39,90.66,226.4,0.7805
0,767.27,195.29,77.6,174.86,0.7113
0,1230.64,169.45,81.88,154.66,0.7056
0,289.35,126.49,54.17,166.51,0.7041
0,352.9,105.91,60.6,169.25,0.6953
0,841.76,172.27,49.29,183.15,0.6845
0,707.52,0.6,50.74,150.35,0.6365
0,433.13,22.17,51.56,158.75,0.6091
0,207.8,134.62,50.86,155.08,0.5813
0,472.99,119.58,60.06,139.71,0.5784
0,798.94,149.28,50.56,159.6,0.576
0,886.95,191.34,46.74,167.16,0.5552
0,488.73,38.15,50.27,112.25,0.4201
0,630.84,757.84,47.95,161.07,0.3948
0,259.02,94.62,42.45,177.8,0.3871
0,529.72,58.35,57.01,154.82,0.3722
0,1218.95,26.97,57.14,118.97,0.3716
0,1488.33,69.79,48.85,71.92,0.3501
0,1484.76,70.62,52.38,150.1,0.3467
