0,381.24,891.42,107.13,188.08,0.883
0,1724.12,457.15,71.76,208.19,0.8689
0,102.63,548.4,75.57,246.13,0.8676
0,406.75,328.56,83.06,225.28,0.8624
0,1179.16,963.09,87.16,116.02,0.8503
0,996.95,189.88,54.37,182.18,0.8472
0,10.91,730.2,66.81,227.97,0.8458
0,480.52,198.45,90.34,191.14,0.7927
0,1434.7,204.44,67.46,188.35,0.7878
0,768.36,198.24,85.1,169.71,0.7841
0,1357.35,572.28,88.72,226.65,0.7825
0,842.9,171.55,53.43,183.64,0.7283
0,434.01,22.31,50.23,159.07,0.6424
0,352.84,106.65,60.72,168.36,0.6368
0,288.52,124.96,55.05,168.85,0.6254
0,472.2,119.95,61.3,147.42,0.6005
0,708.01,0.9,50.09,150.04,0.5971
0,891.35,191.15,50.22,163.91,0.5492
0,1241.59,167.15,70.95,155.28,0.4756
0,208.15,134.33,50.58,155.27,0.4684
0,1484.36,70.48,52.7,147.59,0.4395
0,1218.35,25.52,57.68,119.44,0.3997
0,488.33,38.38,50.52,112.47,0.388
0,255.07,90.64,48.54,184.59,0.3697
0,531.49,58.51,53.69,153.21,0.3588
0,1318.87,202.8,68.88,120.47,0.3431
0,799.21,148.88,50.6,143.52,0.3415
0,630.31,755.93,113.07,166.32,0.3205
