0,103.43,548.77,76.24,246.42,0.8763
0,1733.97,458.08,71.54,214.33,0.8448
0,1096.71,210.46,58.8,177.24,0.8432
0,372.45,410.12,79.88,238.66,0.8393
0,1634.95,262.2,61.19,181.92,0.8373
0,1357.37,572.05,87.52,225.99,0.8325
0,1102.0,978.95,71.08,101.05,0.8097
0,1046.17,133.41,63.12,178.27,0.8046
0,546.58,148.06,54.7,179.24,0.804
0,1790.74,205.58,58.18,182.09,0.7752
0,794.19,147.86,59.26,171.34,0.7542
0,0.04,876.94,41.74,201.07,0.743
0,1444.58,248.95,59.91,165.93,0.6808
0,226.38,399.94,60.86,198.45,0.6543
0,504.46,133.98,48.0,170.97,0.6534
0,265.54,366.34,56.4,221.57,0.645
0,896.19,129.24,67.62,164.35,0.5988
0,286.85,126.49,56.71,165.16,0.5912
0,412.89,93.49,51.86,164.22,0.5911
0,877.19,123.55,50.6,172.71,0.5896
0,352.32,103.72,59.45,168.82,0.5863
0,707.37,1.04,51.25,151.52,0.5534
0,216.84,129.2,49.47,160.39,0.4935
0,997.42,0.38,39.42,76.98,0.4532
0,462.5,85.1,50.82,172.18,0.3961
0,1487.83,70.35,49.08,72.11,0.3795
0,490.12,40.0,49.66,103.12,0.3536
0,1418.97,214.58,52.2,136.75,0.3482
0,632.38,757.63,47.57,160.85,0.3132
0,1238.82,0.1,40.08,80.55,0.3022
