0,396.03,357.78,83.59,225.62,0.8946
0,102.18,548.69,76.75,245.99,0.8701
0,1723.43,457.28,72.79,208.37,0.8669
0,1357.33,571.81,87.08,224.79,0.8456
0,378.4,964.11,97.87,115.6,0.8437
0,0.24,783.91,70.95,238.71,0.8277
0,1018.89,165.83,61.48,179.57,0.8225
0,794.4,149.76,57.38,170.86,0.8139
0,1202.26,984.67,74.64,94.9,0.811
0,1850.5,261.75,66.62,201.22,0.81
0,1485.95,217.71,54.76,188.18,0.7719
0,502.61,178.33,68.09,194.24,0.7555
0,351.67,102.7,64.7,172.42,0.7519
0,860.15,152.51,53.35,181.78,0.7436
0,902.93,198.16,54.75,172.11,0.7125
0,282.39,119.02,53.35,171.47,0.6929
0,165.61,364.11,69.37,188.97,0.6644
0,707.87,2.05,50.19,148.5,0.6615
0,488.95,38.68,50.33,156.22,0.6498
0,443.29,44.21,46.71,134.66,0.596
0,1328.51,174.75,52.1,147.22,0.5583
0,418.86,101.29,54.31,149.57,0.5492
0,1566.93,223.97,43.54,74.09,0.5261
0,486.02,177.62,42.48,172.04,0.4978
0,532.76,55.71,49.62,157.21,0.4073
0,248.31,81.77,59.91,194.81,0.4045
0,1216.69,15.48,59.37,126.03,0.3923
0,1379.69,214.64,56.37,152.31,0.3877
0,1488.44,70.09,48.53,73.82,0.373
0,683.06,278.62,52.07,129.7,0.3325
0,207.16,144.01,42.85,124.56,0.3197
0,632.45,759.28,47.76,160.06,0.3025
