0,394.3,361.63,84.13,226.48,0.8804
0,101.98,548.87,77.13,245.58,0.8745
0,1722.91,457.27,73.45,208.62,0.8601
0,1357.8,571.49,86.46,225.85,0.8386
0,0.38,787.06,68.63,234.01,0.8337
0,1200.92,984.43,73.1,95.0,0.829
0,1019.93,163.55,63.15,182.06,0.8188
0,379.39,971.28,96.49,108.26,0.8169
0,793.82,149.81,58.81,168.5,0.8096
0,1847.67,270.11,67.15,188.4,0.7918
0,351.38,102.83,62.78,173.53,0.7864
0,902.18,196.17,75.81,175.02,0.7788
0,1488.12,219.05,56.71,191.74,0.7717
0,498.78,176.58,71.86,193.12,0.7549
0,862.03,152.93,54.25,178.85,0.7284
0,169.72,364.46,69.17,190.59,0.7213
0,282.26,117.0,53.63,173.22,0.6595
0,444.2,45.98,46.6,162.67,0.6492
0,488.78,38.45,50.09,158.17,0.6357
0,1569.87,225.06,44.87,93.15,0.6199
0,705.96,2.06,52.13,147.88,0.6023
0,1334.61,174.73,49.27,148.79,0.5977
0,407.11,97.89,55.69,143.9,0.5036
0,1217.37,21.18,60.56,122.79,0.4168
0,1376.57,214.36,61.62,157.49,0.3994
0,682.3,280.01,53.29,128.57,0.398
0,1484.61,70.79,52.26,145.78,0.3944
0,248.13,83.6,55.51,190.42,0.3825
0,489.63,177.14,38.89,172.51,0.381
0,532.14,55.28,49.61,154.38,0.3574
0,683.77,207.17,73.84,130.4,0.3309
