0,103.62,548.17,75.71,246.95,0.8768
0,1054.61,208.15,98.46,179.72,0.8673
0,1728.02,458.29,72.74,209.99,0.8627
0,376.05,404.59,81.44,239.8,0.8554
0,1801.74,206.75,54.17,181.72,0.842
0,1357.25,571.62,87.51,225.99,0.8418
0,1627.73,260.31,61.29,183.52,0.8325
0,1119.06,976.64,69.62,103.25,0.8141
0,543.78,148.74,56.52,183.37,0.7917
0,794.21,148.05,59.01,171.78,0.7761
0,1437.82,244.47,56.95,173.64,0.7639
0,881.5,129.17,53.24,172.78,0.725
0,1043.29,135.62,61.59,156.63,0.7169
0,0.06,871.8,44.49,206.44,0.7117
0,498.98,135.9,53.54,169.81,0.7112
0,922.37,134.52,42.68,156.96,0.6381
0,218.33,392.57,67.65,202.65,0.6317
0,708.78,0.98,49.05,149.53,0.6199
0,406.65,85.78,60.98,170.04,0.6176
0,216.06,126.18,47.81,163.6,0.616
0,256.1,357.94,57.9,199.46,0.5805
0,356.14,103.05,53.85,171.9,0.5409
0,1198.47,37.58,75.33,119.74,0.5267
0,286.65,120.12,52.18,170.36,0.4916
0,461.26,77.84,49.3,163.38,0.4228
0,1008.43,1.41,28.04,73.25,0.3709
0,1483.37,71.0,53.66,145.08,0.3586
0,632.2,756.65,114.2,168.14,0.3454
0,1234.87,1.55,44.93,81.29,0.3301
0,489.99,38.61,49.65,115.8,0.3104
