0,394.07,830.76,98.51,249.17,0.8964
0,27.12,693.67,68.35,227.35,0.8786
0,421.18,307.39,80.02,224.77,0.8643
0,1724.04,457.21,71.54,209.34,0.8565
0,102.32,548.54,75.74,246.16,0.8544
0,961.51,200.43,65.75,185.71,0.8242
0,1358.84,573.86,88.93,229.2,0.8125
0,1161.47,947.1,70.53,132.9,0.7872
0,1165.86,151.97,90.08,170.39,0.7844
0,1399.85,188.98,54.35,189.59,0.7772
0,501.12,220.24,80.85,200.56,0.7729
0,355.5,104.7,57.66,171.33,0.7331
0,816.54,193.06,58.01,185.92,0.6974
0,1447.35,191.78,53.41,164.39,0.6937
0,481.87,131.54,53.98,175.52,0.6528
0,293.57,126.25,51.9,166.63,0.6502
0,707.23,1.35,51.1,150.52,0.649
0,717.1,187.51,43.64,165.14,0.5941
0,254.65,98.79,51.99,175.71,0.5651
0,438.24,6.87,46.46,158.5,0.563
0,208.48,147.25,50.25,132.46,0.559
0,792.46,149.57,49.94,192.9,0.5568
0,863.45,219.39,44.49,152.89,0.5532
0,627.98,758.19,51.45,157.9,0.4826
0,490.44,39.62,49.18,120.84,0.4355
0,531.81,59.23,54.34,159.22,0.4299
0,1438.1,0.07,46.5,30.68,0.3569
0,1273.96,200.93,62.79,116.73,0.3396
0,376.59,5.83,46.72,149.4,0.3392
0,110.22,423.75,56.03,113.92,0.3354
0,1487.97,70.26,49.17,73.42,0.3075
