0,103.76,547.74,75.94,247.74,0.8753
0,1726.47,457.71,73.43,210.6,0.8649
0,376.97,398.65,81.7,241.57,0.8571
0,1047.86,209.94,102.56,175.22,0.8425
0,1356.1,571.97,88.87,226.52,0.8416
0,1801.1,210.15,57.2,183.67,0.8381
0,1625.14,259.16,60.54,179.58,0.8338
0,1126.77,975.66,67.51,104.33,0.7992
0,540.91,150.27,57.66,187.39,0.7847
0,792.92,148.54,61.22,169.54,0.7759
0,495.0,137.34,57.74,174.65,0.747
0,1437.26,242.34,55.26,168.55,0.7163
0,1038.56,136.55,64.73,156.85,0.7115
0,0.04,866.65,48.57,210.95,0.6543
0,707.71,1.03,50.29,149.44,0.6182
0,882.5,127.93,65.16,177.14,0.6158
0,409.33,85.98,57.37,169.76,0.6098
0,348.82,101.68,58.9,175.36,0.5926
0,214.36,390.46,71.19,196.27,0.5834
0,217.14,126.6,46.16,161.24,0.5745
0,461.4,76.79,50.95,163.98,0.5239
0,285.9,122.08,54.7,168.6,0.5053
0,1207.12,27.16,66.98,124.67,0.5026
0,252.62,356.12,59.67,206.61,0.4588
0,923.14,137.82,43.47,162.39,0.4587
0,1009.9,1.44,27.24,71.46,0.3997
0,1482.6,70.75,54.39,145.16,0.3114
