0,103.26,548.64,77.17,245.78,0.8879
0,381.65,387.07,80.24,237.84,0.8718
0,1725.92,456.38,71.53,209.32,0.8611
0,1603.74,245.29,59.3,175.82,0.859
0,1356.55,571.85,87.41,224.46,0.8362
0,990.59,203.77,91.24,176.16,0.8111
0,1821.15,229.39,55.23,185.75,0.811
0,529.47,155.2,52.33,187.74,0.8023
0,347.83,103.44,60.53,172.99,0.802
0,795.16,149.52,56.67,169.63,0.7834
0,1159.51,974.74,55.19,104.25,0.7575
0,0.0,838.07,53.06,238.6,0.7391
0,490.2,151.22,53.59,171.24,0.7224
0,881.08,140.19,50.33,179.31,0.687
0,201.36,381.47,57.58,196.73,0.6802
0,414.54,76.47,45.55,160.36,0.6585
0,1412.77,234.36,57.07,154.04,0.6299
0,1204.27,2.98,73.65,145.52,0.5754
0,708.0,0.77,51.57,151.52,0.5378
0,219.55,348.33,68.08,216.13,0.5222
0,919.74,146.89,48.36,160.45,0.5094
0,1480.95,70.6,55.85,145.94,0.4894
0,284.18,131.16,57.52,157.96,0.4766
0,457.94,61.1,49.69,161.61,0.4346
0,1029.62,149.24,59.52,187.62,0.4166
0,631.16,756.13,50.07,161.5,0.3956
0,248.28,91.58,45.05,185.12,0.391
0,214.88,99.26,48.01,190.39,0.3713
0,1384.06,185.96,51.58,162.11,0.3702
0,492.76,40.39,46.76,125.95,0.3662
0,1029.43,149.31,58.58,81.12,0.312
