0,103.95,547.96,76.31,246.84,0.8811
0,380.32,392.45,80.46,232.68,0.8645
0,1725.27,457.21,72.49,209.02,0.854
0,537.42,154.89,61.09,188.78,0.8359
0,1804.79,226.19,63.3,183.47,0.8352
0,1356.66,572.58,87.42,224.68,0.831
0,1616.01,249.66,60.0,174.58,0.822
0,794.34,149.22,57.84,168.23,0.7839
0,491.54,146.45,53.66,174.26,0.7715
0,0.04,846.86,46.85,232.3,0.749
0,1147.35,974.48,60.45,105.36,0.7484
0,882.11,131.11,48.24,177.19,0.6728
0,1421.49,237.15,60.31,166.53,0.665
0,708.0,0.98,49.76,151.28,0.5997
0,418.37,84.73,46.59,164.97,0.5935
0,1049.5,204.83,45.83,176.14,0.5792
0,234.22,353.19,68.53,212.08,0.5784
0,355.52,102.68,50.8,173.29,0.5666
0,1038.68,143.6,57.21,90.19,0.5569
0,919.15,145.74,46.82,159.39,0.5489
0,286.35,133.25,53.92,153.6,0.5313
0,1209.43,28.46,66.55,118.96,0.5141
0,208.42,382.37,59.2,191.69,0.4769
0,216.03,83.79,58.51,200.05,0.4627
0,254.16,89.65,45.11,188.59,0.4261
0,1484.05,70.66,53.03,145.97,0.4243
0,1012.14,1.46,26.64,61.39,0.3324
