0,395.33,840.01,100.45,238.91,0.8933
0,26.19,694.95,68.92,228.11,0.882
0,420.92,308.3,80.1,225.06,0.8599
0,1723.13,457.42,73.08,208.66,0.8568
0,964.41,201.4,65.8,182.76,0.8465
0,102.21,548.45,75.72,246.14,0.8442
0,1169.24,152.39,88.49,169.68,0.8359
0,1165.29,950.43,69.99,129.57,0.8223
0,1358.81,573.99,88.56,228.62,0.814
0,1404.13,195.2,53.84,185.98,0.7792
0,499.64,218.62,77.93,200.19,0.7619
0,355.6,106.03,57.25,170.48,0.7496
0,1450.27,193.34,53.97,164.07,0.7443
0,822.16,190.67,60.84,182.12,0.7412
0,792.42,149.63,53.22,180.94,0.6762
0,293.84,125.23,50.81,167.6,0.6572
0,707.59,1.6,50.71,148.6,0.6339
0,481.58,129.08,54.06,159.62,0.6316
0,436.47,9.89,47.99,156.96,0.6084
0,208.37,144.62,49.96,137.74,0.5795
0,254.78,100.19,51.8,174.32,0.5709
0,111.19,420.14,50.65,119.85,0.5307
0,1278.02,198.59,59.78,111.17,0.5121
0,490.63,39.44,48.74,119.19,0.4891
0,724.38,187.75,42.25,170.13,0.4795
0,629.88,756.66,49.83,162.34,0.4702
0,870.72,216.91,44.86,155.4,0.4493
0,378.4,13.71,45.91,143.42,0.3945
0,531.03,59.58,54.29,161.36,0.3629
0,1217.76,29.48,60.77,116.3,0.3402
