0,384.43,369.48,94.94,231.57,0.8871
0,102.34,548.62,77.19,245.88,0.8781
0,1725.28,456.72,71.26,209.48,0.8651
0,1022.5,159.52,63.01,178.79,0.8389
0,1357.05,571.56,87.48,226.72,0.836
0,0.12,810.92,63.08,243.65,0.8297
0,947.49,197.48,64.78,177.38,0.8201
0,1181.89,982.39,62.87,96.65,0.8155
0,795.28,149.43,56.82,167.63,0.7957
0,1587.54,233.89,49.17,171.36,0.7858
0,1841.35,248.78,65.4,187.38,0.7581
0,871.13,144.84,51.29,178.24,0.7531
0,1392.29,225.58,57.19,159.12,0.7198
0,186.54,370.49,62.18,190.34,0.7175
0,513.42,165.5,54.3,190.26,0.7107
0,384.54,998.03,91.25,81.0,0.6526
0,354.35,104.67,60.78,174.34,0.6373
0,1339.78,182.4,65.97,144.74,0.5759
0,918.61,159.13,43.99,158.78,0.5744
0,708.16,1.3,49.61,150.02,0.5615
0,246.26,81.83,58.21,192.77,0.5032
0,1205.37,12.38,74.42,135.78,0.4964
0,282.84,117.72,54.3,171.67,0.4853
0,494.4,165.01,40.87,169.81,0.4569
0,449.57,52.48,44.93,160.99,0.4213
0,1483.01,70.94,53.69,144.51,0.3966
0,1488.25,70.43,48.25,72.09,0.3719
0,489.81,39.94,49.06,133.43,0.3583
