0,384.0,371.67,94.67,229.81,0.8989
0,102.32,548.74,78.01,246.1,0.8751
0,1725.39,456.33,70.68,210.12,0.8547
0,1357.84,571.96,86.48,226.44,0.8444
0,0.05,812.86,62.36,240.0,0.8363
0,1023.17,158.34,62.01,179.29,0.8138
0,1176.41,981.78,63.34,97.9,0.8001
0,1590.08,234.84,50.75,173.48,0.7884
0,966.01,198.13,57.14,175.76,0.7758
0,186.15,369.06,64.69,194.1,0.775
0,795.62,149.39,56.43,171.19,0.7743
0,871.4,142.88,51.18,176.27,0.749
0,1833.61,248.28,74.22,189.44,0.7448
0,517.28,166.25,53.9,188.72,0.7081
0,353.59,104.41,63.58,172.68,0.6244
0,1354.1,182.91,53.49,152.0,0.6118
0,707.96,1.75,49.68,151.71,0.5872
0,1395.4,226.58,62.52,171.87,0.5378
0,916.55,157.21,41.5,162.62,0.5297
0,496.11,164.68,41.1,170.49,0.4854
0,281.91,99.92,55.11,189.52,0.4817
0,1209.07,15.91,70.32,130.56,0.4771
0,245.6,81.58,57.53,193.71,0.4737
0,1488.73,70.47,47.75,70.97,0.4477
0,450.62,56.59,44.52,159.72,0.4222
0,414.57,77.02,39.76,155.2,0.3893
0,489.33,39.72,49.8,129.17,0.322
0,386.9,1005.87,86.84,72.58,0.3104
0,630.29,757.93,49.94,161.59,0.3069
0,209.55,141.92,54.82,146.1,0.3068
