0,380.06,896.71,109.59,182.66,0.8884
0,1724.09,456.89,71.86,208.63,0.8682
0,102.51,548.39,75.48,246.04,0.8671
0,405.19,328.79,85.13,225.27,0.8642
0,1178.84,963.98,87.48,115.35,0.8582
0,993.9,189.75,57.6,182.41,0.8445
0,10.53,731.75,65.94,225.66,0.8442
0,479.7,194.65,93.84,195.13,0.8119
0,1356.47,570.8,88.12,225.81,0.8104
0,1437.89,203.27,66.43,189.48,0.7978
0,769.39,202.01,88.52,166.33,0.7821
0,842.65,169.28,53.41,185.38,0.7719
0,287.94,128.24,54.94,165.94,0.7405
0,470.47,118.87,62.26,141.73,0.6814
0,433.97,22.48,49.25,158.37,0.6582
0,352.26,105.63,60.18,169.72,0.6517
0,708.91,1.28,49.41,150.04,0.5923
0,894.59,191.69,48.9,163.71,0.5732
0,208.19,135.44,49.86,151.91,0.4987
0,488.1,38.09,50.56,107.08,0.4365
0,630.36,756.26,49.24,162.4,0.3853
0,1488.35,69.77,48.94,72.75,0.3455
0,799.3,148.76,49.14,89.86,0.3416
0,1322.33,204.17,66.3,121.74,0.3385
0,1248.62,173.84,64.78,147.4,0.3376
0,530.17,58.9,56.35,155.03,0.3277
0,1504.76,207.25,43.97,70.2,0.3194
0,256.78,94.07,43.59,177.28,0.3175
