0,383.93,371.96,94.59,231.11,0.9022
0,102.28,548.78,78.04,246.08,0.8786
0,1725.53,456.33,70.77,210.19,0.8597
0,1357.91,571.12,86.34,227.22,0.8437
0,0.01,814.39,62.33,240.48,0.8326
0,1591.61,236.21,51.18,172.67,0.8204
0,1022.0,157.8,63.51,179.65,0.8161
0,1174.37,980.62,63.26,98.48,0.803
0,794.9,149.49,58.12,168.2,0.7774
0,189.01,368.59,64.07,196.06,0.765
0,872.1,141.79,51.72,176.02,0.7631
0,973.03,200.05,57.58,174.39,0.7581
0,519.03,165.47,51.98,190.17,0.7523
0,1833.45,248.42,69.71,188.93,0.7343
0,352.8,104.7,59.88,173.11,0.6608
0,1355.67,186.42,54.37,149.51,0.6549
0,708.02,0.77,50.09,151.85,0.5962
0,917.7,155.74,50.76,161.78,0.5324
0,495.42,162.37,42.02,170.94,0.5297
0,411.83,75.65,44.49,161.43,0.5032
0,1207.84,26.03,70.54,120.16,0.4959
0,1397.02,228.04,59.52,162.31,0.4813
0,246.34,80.86,57.44,193.98,0.4627
0,282.74,116.66,51.37,173.18,0.4616
0,1488.52,70.27,47.87,71.44,0.4483
0,388.96,1010.08,80.63,68.59,0.4274
0,210.17,150.26,55.55,138.99,0.388
0,454.09,56.42,41.38,155.88,0.3347
0,487.91,40.47,52.21,148.47,0.3107
0,530.32,55.5,53.47,146.62,0.3041
