0,103.64,548.8,75.93,246.6,0.8752
0,372.97,409.81,80.49,239.67,0.8466
0,1357.85,572.25,87.11,226.22,0.8456
0,1634.2,261.84,59.98,185.59,0.8397
0,1732.63,458.29,71.9,214.11,0.8383
0,1047.46,133.38,60.66,172.96,0.8055
0,546.57,147.72,55.3,180.03,0.8029
0,1084.1,210.09,68.54,176.16,0.8001
0,794.92,147.84,58.79,171.74,0.7688
0,1105.03,978.84,70.64,101.16,0.7644
0,1795.21,206.13,55.34,182.24,0.7417
0,1442.08,247.43,60.82,170.89,0.6932
0,0.03,876.21,42.0,201.97,0.6864
0,224.64,401.82,65.0,195.76,0.6509
0,263.01,365.46,58.21,223.4,0.6263
0,503.22,135.2,48.82,169.84,0.611
0,878.57,126.36,51.36,170.97,0.6072
0,411.67,90.15,53.11,165.89,0.5879
0,917.51,130.54,45.77,161.93,0.5732
0,352.05,103.62,59.55,169.52,0.5667
0,285.03,120.72,57.82,171.2,0.5358
0,216.61,129.35,49.39,160.5,0.5173
0,707.55,0.7,51.16,151.48,0.516
0,1417.86,198.44,49.37,149.49,0.4958
0,1004.21,1.11,32.32,74.34,0.4682
0,1487.68,70.28,49.25,72.27,0.4121
0,461.9,83.07,51.49,169.19,0.338
0,1188.53,5.75,87.0,142.02,0.3075
