0,388.98,367.24,90.08,234.38,0.8933
0,102.01,548.92,78.24,245.74,0.8762
0,1724.66,457.03,71.94,209.03,0.8573
0,1357.9,571.72,86.19,225.73,0.8437
0,0.24,801.51,65.62,233.63,0.8417
0,1024.45,161.28,61.16,178.64,0.8394
0,1195.58,983.26,65.48,95.91,0.823
0,1840.57,253.76,75.25,193.24,0.8074
0,498.15,168.22,70.67,186.98,0.7905
0,794.94,149.16,57.11,172.07,0.7871
0,912.97,195.93,94.8,176.94,0.7869
0,353.04,104.29,57.44,173.26,0.7426
0,866.0,149.53,52.13,180.87,0.7225
0,383.41,988.02,95.77,90.76,0.7086
0,444.18,48.17,47.92,162.54,0.6689
0,177.19,370.67,71.23,189.73,0.6544
0,283.15,115.05,54.84,173.91,0.6303
0,1495.79,223.22,55.14,187.79,0.5997
0,1580.58,231.06,46.94,137.4,0.5755
0,707.3,2.14,50.29,148.12,0.5686
0,1384.4,220.65,61.69,160.9,0.5637
0,487.68,39.4,51.62,145.73,0.5482
0,248.21,80.22,58.97,194.53,0.5167
0,398.05,78.36,51.67,155.45,0.5065
0,1337.11,182.07,63.43,143.7,0.4996
0,1214.38,24.02,64.7,121.87,0.4142
0,1488.34,70.5,48.24,72.11,0.3868
0,494.38,167.95,38.91,168.06,0.342
0,531.51,56.48,51.12,150.79,0.3263
0,1009.14,2.07,59.91,46.07,0.3101
0,1482.58,70.86,54.13,143.56,0.308
0,911.89,163.4,40.03,166.17,0.3047
