0,941.68,208.04,58.27,181.82,0.8747
0,1723.46,457.21,72.19,208.63,0.8682
0,42.53,673.17,91.52,223.83,0.8663
0,385.77,802.84,96.49,272.2,0.8661
0,102.83,548.47,75.32,246.76,0.8649
0,421.49,291.77,83.09,221.09,0.8563
0,1141.95,935.92,70.78,144.08,0.8453
0,1358.81,574.07,91.55,227.48,0.8019
0,1155.73,150.0,58.68,169.04,0.7636
0,510.52,233.43,69.75,192.93,0.7624
0,479.19,155.1,53.67,159.68,0.7247
0,289.96,128.21,57.56,165.2,0.6746
0,351.62,104.55,63.34,171.04,0.666
0,706.89,1.62,52.03,149.23,0.6297
0,798.76,201.53,58.99,186.51,0.6134
0,1379.55,185.17,51.34,166.93,0.6087
0,437.83,1.1,50.79,152.09,0.6075
0,846.94,226.64,55.52,156.78,0.5822
0,1414.78,185.53,50.5,176.8,0.5493
0,788.61,149.99,57.73,120.41,0.497
0,555.32,224.1,43.37,173.61,0.4764
0,1230.93,264.71,40.49,59.56,0.4582
0,630.12,757.22,49.48,160.66,0.4302
0,1251.76,182.39,53.71,136.23,0.4155
0,534.79,61.31,52.06,151.24,0.4113
0,209.5,135.0,47.46,150.78,0.3773
0,494.85,38.58,47.99,139.43,0.3681
0,257.9,90.94,55.02,187.49,0.3419
0,1469.18,0.73,27.33,43.53,0.3409
0,683.48,181.84,72.94,127.44,0.3331
0,377.43,2.72,47.55,151.93,0.3196
