0,1076.07,925.53,74.93,154.26,0.8746
0,385.71,746.08,99.7,267.79,0.8739
0,1723.42,457.5,72.86,208.8,0.8646
0,1047.08,140.72,89.4,168.8,0.8568
0,418.73,273.81,79.79,217.3,0.8353
0,1359.67,574.82,89.45,228.27,0.8217
0,533.41,256.66,54.73,204.29,0.8095
0,890.49,212.94,73.77,185.63,0.7981
0,103.26,547.67,64.63,241.2,0.7961
0,571.35,251.42,57.72,184.93,0.7891
0,346.52,88.74,63.7,187.9,0.755
0,286.66,125.16,55.17,168.5,0.7415
0,478.51,180.51,54.42,167.24,0.7187
0,131.51,635.24,68.35,214.43,0.7021
0,1201.32,172.65,49.19,153.97,0.6969
0,817.06,245.9,65.32,169.14,0.6575
0,707.49,1.08,50.72,150.48,0.6549
0,796.56,149.67,52.02,119.14,0.6403
0,1314.27,180.32,90.59,159.19,0.6253
0,377.83,1.81,48.9,130.93,0.5609
0,773.62,232.09,55.03,183.91,0.5024
0,1215.34,28.99,65.89,116.38,0.4563
0,1481.19,70.7,55.77,144.3,0.4286
0,518.49,59.13,66.44,155.12,0.4021
0,628.13,757.35,51.89,160.14,0.4014
0,475.28,43.29,53.57,153.73,0.3646
0,628.19,758.3,120.3,169.28,0.3527
0,440.21,0.0,58.8,130.55,0.3499
0,259.53,88.96,41.77,181.7,0.3333
0,223.75,140.78,44.09,137.78,0.3196
