0,1094.82,929.61,79.95,150.08,0.8688
0,393.04,769.74,104.16,277.57,0.865
0,1722.29,456.37,73.58,209.1,0.8604
0,917.67,212.22,54.47,186.38,0.8509
0,422.92,280.61,80.1,211.13,0.8371
0,1359.08,575.02,87.1,225.91,0.8105
0,100.89,655.3,77.55,218.78,0.7998
0,1104.03,141.35,66.5,171.71,0.7853
0,519.1,247.95,71.77,194.49,0.7843
0,780.36,215.46,61.35,183.99,0.753
0,286.98,127.04,56.28,165.78,0.747
0,479.1,169.59,55.66,161.98,0.7016
0,102.86,547.59,70.25,169.73,0.6885
0,349.11,104.03,63.6,172.56,0.6714
0,833.53,234.09,58.62,168.6,0.6586
0,569.33,237.22,42.17,159.55,0.6221
0,440.52,0.0,54.01,141.07,0.6202
0,629.0,756.74,50.97,160.96,0.5675
0,376.71,1.37,44.24,131.94,0.5626
0,490.05,41.33,47.4,145.74,0.56
0,707.52,1.31,50.93,150.75,0.5443
0,213.5,127.2,46.52,157.33,0.5375
0,795.99,149.67,51.87,97.68,0.4736
0,1220.31,178.41,52.66,103.95,0.4517
0,1483.82,71.06,54.05,143.89,0.4511
0,256.54,93.19,41.22,185.52,0.4327
0,1378.87,181.72,44.68,161.26,0.4276
0,535.78,61.86,50.44,151.66,0.3732
0,1215.54,29.47,64.96,115.63,0.3344
