0,397.74,676.09,96.09,260.83,0.8966
0,218.45,589.7,75.52,214.68,0.872
0,102.68,548.51,74.11,248.66,0.8682
0,417.56,241.05,80.06,210.91,0.8642
0,1723.82,457.37,72.13,209.56,0.8609
0,852.32,193.89,72.48,185.82,0.8584
0,1359.52,578.09,87.76,223.99,0.8062
0,1022.44,906.31,65.2,172.24,0.8028
0,352.29,104.88,56.23,171.61,0.7713
0,749.97,261.2,67.21,195.33,0.7252
0,981.98,123.16,51.11,167.86,0.7115
0,285.93,128.22,55.65,164.95,0.6899
0,530.03,281.18,60.21,213.77,0.6734
0,805.46,280.2,56.67,168.96,0.6641
0,795.56,150.49,54.27,139.62,0.6384
0,706.6,0.94,52.05,152.32,0.6098
0,249.82,83.13,62.18,195.24,0.6029
0,432.45,51.46,56.35,148.66,0.5821
0,628.82,757.71,52.2,160.95,0.5634
0,1525.9,0.87,34.21,86.91,0.5631
0,1129.1,154.36,53.53,153.62,0.5447
0,600.95,283.78,56.51,172.39,0.4848
0,1241.72,164.71,55.65,159.04,0.47
0,1272.77,163.84,65.42,155.99,0.3923
0,453.36,1.19,46.7,107.71,0.3854
0,395.2,1.25,50.65,108.21,0.3714
0,1487.81,71.66,50.76,106.73,0.3618
0,554.03,153.47,85.56,305.01,0.3196
