0,1040.16,140.3,93.66,169.04,0.8893
0,1074.55,925.79,74.17,153.97,0.8752
0,384.5,745.8,100.63,266.95,0.8752
0,1724.17,457.24,71.75,208.96,0.8592
0,419.05,271.94,79.08,218.84,0.8318
0,1359.95,575.36,88.06,226.91,0.8185
0,103.31,547.55,64.8,241.59,0.813
0,575.08,251.15,54.64,184.5,0.8106
0,533.23,257.47,53.35,205.05,0.8057
0,887.78,212.4,74.55,185.49,0.7707
0,286.75,125.43,55.08,167.47,0.7135
0,348.38,90.06,61.71,186.59,0.7126
0,131.73,634.86,74.17,213.37,0.7056
0,1314.74,177.75,87.34,160.65,0.7047
0,1198.05,172.24,53.12,153.7,0.6961
0,815.68,247.88,65.4,170.07,0.6952
0,707.27,1.33,51.08,151.06,0.6857
0,478.73,181.19,54.07,167.03,0.6064
0,796.23,150.15,51.75,119.0,0.5961
0,380.68,1.73,46.01,131.5,0.5185
0,773.08,232.99,53.19,184.89,0.4581
0,1216.19,28.85,64.44,115.79,0.458
0,1482.06,70.57,54.85,144.42,0.4247
0,519.69,60.79,65.93,154.53,0.3934
0,627.21,758.1,50.71,158.16,0.386
0,224.54,143.64,42.67,131.84,0.3627
0,628.72,756.04,106.98,170.45,0.3092
0,440.67,0.21,59.87,129.67,0.307
0,258.65,90.49,43.49,178.3,0.3033
