0,408.3,635.89,98.69,254.31,0.8885
0,867.01,172.67,91.33,187.94,0.8655
0,1722.94,457.5,73.45,209.58,0.8604
0,28.32,621.18,110.9,240.65,0.8512
0,987.48,920.51,59.01,158.88,0.8489
0,231.33,557.87,63.03,200.84,0.8421
0,415.39,221.54,75.27,208.01,0.8378
0,523.36,300.95,62.46,214.3,0.8127
0,96.81,547.01,77.6,249.94,0.8027
0,1359.24,573.24,88.67,230.4,0.7962
0,1171.46,150.09,71.53,175.61,0.7938
0,604.9,314.39,54.31,174.98,0.7451
0,287.17,127.11,55.47,167.66,0.7273
0,351.72,105.45,56.47,171.63,0.7131
0,1236.61,148.51,57.83,169.01,0.709
0,793.49,150.42,57.28,168.49,0.6988
0,1077.08,144.23,55.51,153.07,0.6866
0,707.77,0.75,50.3,151.37,0.6357
0,745.69,279.45,74.61,188.74,0.6134
0,920.67,119.69,50.8,158.88,0.5486
0,539.34,142.5,53.52,128.49,0.512
0,629.71,757.46,51.25,162.37,0.5102
0,252.35,85.69,48.06,192.56,0.5015
0,1482.32,71.99,55.85,143.58,0.4756
0,525.72,232.35,57.21,79.28,0.4421
0,802.49,302.06,60.38,169.43,0.4418
0,411.52,45.19,51.7,155.11,0.4403
0,209.01,129.52,48.89,141.27,0.3792
0,1216.02,30.35,64.9,116.83,0.3771
0,340.32,0.0,53.22,111.29,0.3086
