0,391.34,777.93,107.94,273.79,0.8725
0,1102.0,929.72,77.98,150.28,0.8627
0,1722.87,457.2,73.08,208.19,0.8604
0,919.04,211.11,58.22,185.06,0.8496
0,424.9,282.62,78.58,214.87,0.8421
0,1103.45,143.7,79.1,172.62,0.8226
0,1359.25,575.77,87.97,225.95,0.8168
0,519.94,244.91,72.08,198.7,0.7864
0,94.71,655.2,80.77,219.69,0.7795
0,287.45,126.65,57.19,167.05,0.7768
0,782.9,216.16,65.14,180.81,0.7719
0,479.18,168.44,54.62,159.95,0.7288
0,349.62,104.82,63.41,171.35,0.6748
0,629.42,756.35,50.9,161.64,0.5928
0,439.85,0.0,55.88,140.22,0.5898
0,707.4,1.31,51.06,149.64,0.589
0,837.25,232.85,45.45,170.4,0.5669
0,569.13,236.81,39.21,159.36,0.5387
0,375.79,0.88,45.32,132.34,0.5212
0,793.68,149.39,53.9,98.32,0.5114
0,103.4,547.72,69.42,206.32,0.5108
0,490.29,40.1,49.24,147.53,0.5048
0,1480.92,0.61,47.82,49.25,0.5046
0,255.76,102.57,42.14,174.94,0.486
0,211.11,130.11,49.27,151.67,0.462
0,1388.1,180.93,41.96,95.37,0.3988
0,535.44,60.95,50.74,151.59,0.3987
0,1488.33,70.06,49.67,71.19,0.3766
0,1205.38,257.37,43.83,67.98,0.3519
0,1337.75,183.19,83.32,162.4,0.3356
0,1223.97,179.85,53.55,128.1,0.3284
