0,1723.08,457.58,72.58,207.72,0.8622
0,391.36,779.91,108.34,274.5,0.8609
0,1104.72,930.79,78.48,149.21,0.849
0,1103.43,144.11,85.4,173.21,0.8454
0,925.16,210.05,55.39,187.58,0.8377
0,423.12,280.07,80.58,222.25,0.8354
0,1358.95,573.99,89.08,228.02,0.8088
0,783.12,215.09,65.61,181.77,0.7778
0,520.99,245.12,68.41,191.29,0.7355
0,288.45,126.3,56.75,168.91,0.7308
0,478.47,167.84,54.95,160.96,0.6491
0,349.47,105.32,64.37,170.13,0.6372
0,839.46,231.88,51.91,172.49,0.6262
0,92.73,655.79,85.93,219.52,0.6045
0,629.67,756.79,51.05,160.39,0.6024
0,1481.18,0.57,48.4,47.85,0.5502
0,439.99,0.0,56.14,141.04,0.5442
0,707.16,1.0,51.31,149.82,0.5416
0,103.0,548.1,70.91,249.59,0.5227
0,375.5,0.23,46.38,134.64,0.518
0,568.62,237.46,38.91,158.47,0.5062
0,491.01,40.03,49.39,148.63,0.4964
0,792.42,149.64,55.4,97.31,0.4643
0,254.51,104.24,43.16,170.5,0.446
0,211.21,133.45,48.74,148.48,0.4345
0,1486.29,71.07,50.66,144.16,0.3922
0,1225.79,180.8,48.68,124.28,0.3826
0,536.68,61.63,49.94,149.49,0.3797
0,1206.29,257.96,44.32,67.24,0.3587
0,1339.3,183.4,88.91,165.88,0.3159
0,1390.28,181.33,41.79,98.35,0.3158
