0,391.82,782.85,106.32,273.38,0.8679
0,1103.54,146.23,91.4,168.62,0.8678
0,423.01,283.65,81.07,220.96,0.8653
0,1723.64,457.47,72.4,208.4,0.8627
0,1112.38,932.66,76.49,147.34,0.8586
0,927.51,211.42,59.21,185.24,0.853
0,1358.85,573.19,88.63,227.65,0.8105
0,479.85,169.57,55.38,160.2,0.7542
0,348.65,105.14,65.21,171.06,0.7457
0,102.6,548.1,71.66,248.8,0.7365
0,520.09,243.39,71.73,198.48,0.7334
0,785.03,212.05,63.04,185.72,0.7059
0,84.47,661.18,70.62,214.29,0.6805
0,287.31,125.76,55.9,167.74,0.629
0,708.2,1.04,50.23,149.61,0.6191
0,376.11,0.11,46.44,136.83,0.5724
0,838.71,232.36,54.95,171.13,0.5611
0,439.87,0.0,56.73,141.26,0.5532
0,493.38,40.27,47.69,147.55,0.5252
0,1227.52,180.91,52.65,137.76,0.5061
0,793.72,149.86,53.88,98.3,0.4816
0,628.75,756.62,50.26,161.87,0.4416
0,1392.0,180.61,47.73,102.13,0.4069
0,566.73,237.75,38.48,133.84,0.4032
0,1487.45,69.67,50.07,108.78,0.3969
0,253.98,96.48,45.88,179.02,0.3783
0,1481.5,0.78,43.61,45.84,0.3609
0,535.59,59.84,50.11,152.34,0.3387
0,209.81,140.98,51.48,139.28,0.3373
0,628.67,757.28,115.15,166.34,0.3018
