0,397.37,668.23,93.99,262.99,0.9069
0,101.89,547.64,74.28,249.38,0.8778
0,418.26,238.46,77.74,214.47,0.8603
0,1723.46,457.53,72.69,209.39,0.8562
0,858.08,191.05,69.97,180.87,0.856
0,224.32,586.99,68.31,213.62,0.8363
0,1014.07,910.58,61.41,168.2,0.8334
0,1359.94,577.95,87.35,225.44,0.8063
0,351.71,103.5,56.64,172.73,0.7868
0,0.16,605.9,55.07,229.87,0.7465
0,286.77,135.14,55.37,159.05,0.7036
0,526.6,288.35,59.65,207.91,0.6875
0,795.16,284.58,64.4,168.66,0.6826
0,708.25,0.83,50.46,151.81,0.6776
0,753.06,262.65,57.53,193.43,0.6721
0,794.43,150.82,55.29,143.68,0.6417
0,959.75,123.21,58.38,168.18,0.6279
0,1116.21,151.52,56.79,148.87,0.5882
0,503.18,219.51,58.48,169.28,0.5724
0,250.26,86.26,54.7,192.1,0.5714
0,1218.78,160.47,58.99,165.22,0.5627
0,1483.1,71.8,55.08,142.98,0.5169
0,429.93,42.78,49.28,157.31,0.5048
0,606.6,289.22,53.72,168.84,0.503
0,628.63,757.87,52.6,161.43,0.4905
0,1259.22,148.33,53.69,164.49,0.4691
0,210.05,130.17,52.14,145.64,0.4251
0,1525.68,1.83,32.99,88.71,0.4131
0,1216.88,29.9,63.57,115.54,0.301
