0,395.37,714.13,95.1,258.8,0.899
0,1723.57,457.06,72.45,208.81,0.8647
0,415.63,257.65,77.85,213.08,0.8617
0,102.64,547.17,74.56,248.68,0.8567
0,177.87,618.43,60.44,209.55,0.8511
0,1359.6,573.73,91.92,228.87,0.8249
0,1054.06,917.61,62.87,162.05,0.8181
0,867.3,205.12,61.32,189.35,0.799
0,1037.24,132.41,53.16,168.52,0.7784
0,534.05,265.21,50.88,206.82,0.7532
0,587.37,262.0,52.99,185.22,0.7464
0,794.73,149.81,53.76,131.81,0.7093
0,1171.36,162.58,55.24,158.24,0.6948
0,751.5,250.0,68.15,179.99,0.6447
0,285.9,124.69,54.82,167.24,0.6403
0,485.37,197.64,55.96,166.91,0.6242
0,349.61,89.76,61.62,185.76,0.6233
0,1289.59,175.4,86.8,146.18,0.5649
0,707.59,1.03,50.45,149.54,0.563
0,796.97,261.18,73.05,174.87,0.5383
0,1215.3,29.15,65.58,115.39,0.5364
0,1487.87,70.19,50.75,107.42,0.5315
0,628.02,756.57,52.47,162.08,0.505
0,1517.01,1.8,36.07,64.93,0.485
0,378.85,1.13,47.46,120.09,0.4465
0,256.39,91.61,44.74,166.89,0.4328
0,456.19,1.87,49.02,197.37,0.3893
