0,408.84,617.71,84.46,244.57,0.8747
0,877.2,165.17,72.45,182.27,0.8621
0,1722.96,457.62,72.99,209.45,0.86
0,225.16,546.25,65.36,207.48,0.8565
0,419.58,219.1,73.29,209.83,0.842
0,980.38,921.67,60.01,157.92,0.8366
0,514.86,308.21,71.74,206.53,0.8348
0,41.94,636.63,121.63,250.53,0.799
0,600.97,312.94,58.95,181.22,0.7983
0,1358.96,572.93,86.07,226.22,0.7775
0,1160.54,147.89,72.82,178.86,0.7568
0,287.6,128.92,54.65,167.17,0.7374
0,350.05,104.47,57.61,172.43,0.725
0,793.72,150.23,56.82,166.83,0.7209
0,1223.34,144.73,52.18,164.21,0.6958
0,708.31,1.65,49.66,150.34,0.6532
0,530.07,136.18,56.71,144.3,0.6532
0,749.75,285.42,63.08,200.76,0.6292
0,1060.95,141.01,50.19,147.44,0.6008
0,94.38,546.9,70.3,181.86,0.5901
0,800.01,308.64,65.16,175.05,0.5835
0,257.5,91.5,40.54,185.14,0.5494
0,404.48,44.36,52.33,154.8,0.5446
0,906.72,117.83,51.7,100.95,0.5017
0,533.91,244.04,58.3,96.65,0.4284
0,629.72,758.36,50.56,161.08,0.3878
0,1482.32,71.96,55.51,143.53,0.3749
0,681.49,286.09,52.53,124.21,0.3492
0,462.22,1.34,40.53,93.6,0.3474
0,209.49,144.21,48.95,130.23,0.3012
