0,399.59,699.7,103.27,267.36,0.8962
0,416.19,252.25,78.48,214.93,0.8763
0,855.42,201.5,68.8,186.66,0.864
0,1724.15,457.61,71.89,208.08,0.8627
0,986.71,131.52,82.77,167.77,0.8614
0,102.34,547.18,73.83,247.23,0.8572
0,199.97,610.48,62.64,216.05,0.8271
0,1359.01,573.75,87.28,226.63,0.8069
0,1037.97,909.65,62.64,168.99,0.7951
0,285.9,125.63,55.93,167.29,0.7557
0,706.98,1.39,51.35,151.28,0.7183
0,536.29,271.56,48.66,204.48,0.6981
0,1154.26,159.76,55.5,149.55,0.6931
0,595.59,270.17,54.66,186.2,0.682
0,346.32,86.24,62.87,189.62,0.6631
0,794.49,149.9,55.32,143.43,0.6571
0,1484.25,70.33,53.48,144.51,0.6536
0,435.97,29.62,63.95,168.64,0.6215
0,811.82,269.14,52.84,169.21,0.5448
0,746.42,253.22,76.67,174.94,0.4882
0,1272.75,171.35,90.33,149.84,0.4763
0,210.9,128.78,57.95,147.88,0.4721
0,1519.82,1.02,39.11,75.32,0.4562
0,1213.99,28.91,67.54,116.22,0.4528
0,492.14,201.42,55.56,170.95,0.4442
0,628.93,756.4,50.3,162.67,0.4343
0,252.99,91.7,46.76,182.69,0.4226
0,563.5,185.01,78.07,110.64,0.388
0,388.57,0.43,44.11,113.61,0.3785
0,533.87,61.57,51.5,152.01,0.3243
