0,395.4,720.18,88.85,253.21,0.8861
0,415.72,259.5,79.11,210.97,0.8631
0,1723.58,456.67,72.48,209.32,0.8575
0,102.88,547.22,73.93,247.44,0.8516
0,1056.92,920.3,62.86,159.51,0.8451
0,870.21,205.46,60.85,189.46,0.8314
0,1359.79,574.2,90.81,227.77,0.827
0,165.1,622.82,71.82,209.64,0.8186
0,585.52,258.99,52.56,181.39,0.7904
0,1039.65,132.91,61.07,167.46,0.7789
0,533.01,262.66,54.82,205.93,0.773
0,795.07,150.15,53.46,129.36,0.6874
0,349.43,89.16,62.22,186.29,0.667
0,483.86,194.66,55.87,163.77,0.6569
0,285.75,119.55,54.97,173.13,0.6421
0,1295.82,174.01,82.08,147.16,0.6332
0,708.59,0.51,49.58,150.09,0.6246
0,755.41,242.98,65.81,178.3,0.6127
0,629.43,756.39,50.86,161.0,0.5931
0,1174.92,163.37,54.39,157.03,0.5821
0,380.14,1.14,46.66,122.27,0.5548
0,794.09,258.22,75.29,173.15,0.5249
0,516.86,59.42,68.2,159.1,0.4707
0,1488.56,70.26,49.57,106.22,0.4553
0,255.79,90.13,46.75,156.57,0.448
0,1216.14,29.33,63.9,115.23,0.4447
0,461.45,8.84,46.21,186.88,0.4125
0,220.36,148.29,48.73,126.37,0.3261
0,1514.92,1.84,38.03,64.03,0.3127
