0,407.0,643.71,100.52,253.39,0.9054
0,21.74,619.19,93.7,239.47,0.8796
0,866.58,174.6,77.72,186.78,0.8678
0,98.26,546.44,78.27,250.65,0.8657
0,1723.31,457.72,72.71,209.22,0.8641
0,989.31,919.54,61.39,159.68,0.8587
0,415.54,222.75,76.16,209.33,0.8431
0,234.23,563.98,63.41,211.18,0.8263
0,526.23,292.57,59.06,218.42,0.818
0,1359.02,573.86,88.83,229.35,0.8139
0,1194.5,150.54,55.41,180.19,0.7763
0,794.46,150.69,55.32,157.63,0.7255
0,288.37,130.62,55.68,166.18,0.7195
0,354.36,105.75,54.81,170.86,0.7156
0,1085.94,145.2,51.69,154.29,0.701
0,929.48,121.46,59.47,162.8,0.6865
0,742.08,277.77,75.1,192.13,0.6576
0,707.88,0.86,50.32,151.32,0.6531
0,251.97,87.51,46.39,192.25,0.5596
0,1243.61,155.82,57.54,163.04,0.5556
0,795.67,297.76,67.53,175.07,0.5311
0,416.72,44.42,49.04,156.26,0.4859
0,1482.25,72.0,55.64,143.28,0.4796
0,520.65,228.59,60.36,101.48,0.4231
0,606.87,293.27,54.63,201.36,0.4095
0,210.0,130.92,49.14,144.04,0.386
0,1215.6,30.62,65.37,115.11,0.3834
0,629.96,759.08,104.78,166.43,0.3363
0,341.75,0.46,51.94,108.02,0.3062
0,628.63,757.72,50.5,160.34,0.3005
