0,392.75,752.85,93.36,260.14,0.8726
0,1081.5,925.98,79.64,153.79,0.86
0,1723.21,457.48,72.78,208.33,0.8592
0,420.36,275.13,80.39,216.7,0.8449
0,1359.18,572.64,88.4,230.08,0.824
0,893.33,212.98,71.63,186.04,0.8103
0,528.63,252.91,62.35,204.49,0.7928
0,573.56,245.49,54.95,185.88,0.7537
0,346.07,88.2,65.86,188.53,0.7475
0,286.71,124.65,55.8,167.74,0.7403
0,1086.57,140.19,56.93,169.55,0.7067
0,1206.78,175.77,50.88,149.7,0.7013
0,1499.25,0.88,37.66,56.15,0.6913
0,708.16,0.52,50.14,151.46,0.6892
0,102.97,546.24,75.2,243.92,0.6555
0,477.36,178.36,57.29,167.96,0.631
0,375.66,0.52,48.56,132.72,0.6117
0,1337.07,175.74,75.56,163.72,0.6051
0,774.98,226.4,59.17,188.17,0.6015
0,822.6,242.91,64.42,172.56,0.5958
0,796.89,149.73,51.46,116.73,0.5798
0,481.03,37.84,50.71,151.68,0.5413
0,443.95,0.0,50.33,141.01,0.5153
0,212.88,127.32,52.5,151.52,0.5014
0,1484.13,70.78,52.69,143.43,0.4908
0,627.62,757.23,52.09,160.94,0.4862
0,1215.38,29.19,66.07,116.16,0.4013
0,532.67,60.88,54.14,157.77,0.3994
0,259.39,88.82,39.98,187.66,0.3901
