0,400.16,612.98,90.45,243.34,0.8689
0,1723.32,458.25,72.73,208.4,0.8517
0,223.15,542.7,67.61,209.53,0.8419
0,885.28,152.99,66.71,190.08,0.8396
0,511.76,311.59,74.19,209.68,0.8254
0,1164.41,145.23,54.31,177.61,0.809
0,55.15,643.01,116.6,249.77,0.8053
0,975.59,920.41,62.96,158.75,0.7985
0,422.34,214.7,72.57,207.7,0.7953
0,600.96,316.26,58.72,176.89,0.7916
0,1359.54,572.19,86.13,227.9,0.7445
0,523.62,133.72,60.56,162.57,0.7398
0,793.33,150.55,57.53,165.27,0.734
0,287.36,128.51,55.07,166.1,0.7189
0,1053.07,139.1,53.6,150.62,0.7086
0,1218.4,143.22,53.15,163.44,0.6629
0,350.09,104.28,58.57,173.8,0.6602
0,751.42,291.25,62.36,197.72,0.6516
0,708.51,1.8,49.42,152.16,0.6265
0,257.12,93.2,40.35,185.72,0.5583
0,800.53,309.94,63.4,174.0,0.5296
0,403.43,44.71,48.13,153.22,0.529
0,539.69,246.37,54.01,98.03,0.5193
0,97.74,546.71,64.61,167.58,0.5132
0,629.33,757.18,50.85,163.19,0.4259
0,899.48,117.89,53.02,92.4,0.4082
0,209.4,131.97,52.91,144.97,0.403
0,684.71,288.37,49.02,120.61,0.3686
0,1487.16,72.07,52.82,76.62,0.3437
