0,388.45,798.91,93.11,267.38,0.8733
0,937.88,209.24,58.38,187.26,0.8685
0,421.56,290.51,83.51,221.2,0.8622
0,1723.97,457.15,72.25,208.87,0.8612
0,48.43,672.22,84.65,224.13,0.8595
0,102.74,548.12,73.07,246.02,0.8552
0,1136.5,934.89,72.1,145.11,0.8353
0,1358.71,572.07,89.05,229.93,0.8131
0,511.97,236.33,69.42,195.12,0.7722
0,478.65,156.36,54.72,159.8,0.7063
0,1136.61,148.04,71.01,169.67,0.7015
0,350.3,104.64,63.35,172.19,0.698
0,289.61,127.52,57.75,166.59,0.6955
0,706.7,0.88,52.27,150.01,0.6197
0,436.62,0.73,53.13,152.37,0.5851
0,1408.4,183.83,52.52,185.25,0.5735
0,1373.78,184.84,52.88,155.72,0.5536
0,1246.01,180.21,56.99,141.87,0.5196
0,846.73,225.8,54.69,162.16,0.5114
0,1482.19,70.89,54.81,145.43,0.5045
0,788.38,149.67,57.92,119.05,0.4912
0,628.69,756.58,50.86,162.09,0.4701
0,794.91,203.58,62.94,188.28,0.4682
0,534.94,60.31,51.85,151.89,0.4527
0,1473.7,0.14,27.97,44.27,0.427
0,556.86,226.82,42.74,163.88,0.423
0,1216.41,29.83,63.56,114.95,0.4166
0,376.81,2.08,47.88,145.99,0.3766
0,494.81,41.37,48.42,129.05,0.3674
0,208.93,141.52,48.58,141.45,0.3312
