0,401.35,696.04,97.12,264.51,0.8848
0,102.55,548.28,73.2,247.05,0.869
0,853.05,199.26,70.59,181.29,0.8683
0,1724.3,457.95,71.72,208.3,0.8651
0,983.81,132.06,82.67,168.73,0.8589
0,417.55,250.35,76.46,214.68,0.8506
0,1036.48,908.0,62.99,170.94,0.8411
0,1359.17,572.93,87.87,227.39,0.8072
0,203.78,606.47,60.27,216.81,0.8013
0,286.43,127.29,55.2,167.0,0.7559
0,530.57,271.52,58.33,204.33,0.7369
0,596.24,270.66,55.9,186.24,0.7304
0,346.24,86.24,63.0,191.3,0.6572
0,794.31,149.51,55.14,142.12,0.6187
0,748.9,250.85,72.43,188.23,0.5877
0,810.23,271.92,50.63,166.26,0.5832
0,493.28,203.55,55.26,173.9,0.5746
0,435.18,32.41,64.48,165.8,0.5726
0,1151.53,157.86,53.95,154.53,0.5488
0,707.24,1.85,50.93,150.72,0.5434
0,1276.23,163.72,69.51,156.89,0.539
0,210.05,127.61,55.01,148.5,0.5336
0,251.98,92.89,49.11,184.72,0.4754
0,628.7,756.44,50.5,161.65,0.4673
0,1521.33,0.93,38.91,75.76,0.4524
0,1487.73,70.81,51.33,106.31,0.4441
0,1215.24,29.67,65.66,115.88,0.4387
0,390.22,1.62,41.64,109.0,0.4306
0,565.74,181.95,73.49,117.17,0.4296
0,1249.41,172.83,46.99,147.17,0.337
