0,388.9,791.25,99.26,265.17,0.8801
0,932.04,209.77,62.43,186.11,0.8788
0,420.67,289.76,84.05,222.25,0.8615
0,55.62,669.64,78.73,222.62,0.859
0,1723.31,457.25,72.73,208.87,0.8565
0,103.21,548.95,74.37,246.97,0.8437
0,1132.4,934.12,71.34,145.88,0.8281
0,1117.15,148.02,82.66,170.24,0.8184
0,1358.75,571.86,88.07,229.57,0.81
0,513.62,240.19,67.7,193.0,0.7274
0,348.35,105.06,65.49,171.48,0.7264
0,479.21,159.18,54.76,159.12,0.6923
0,288.91,126.5,56.96,168.29,0.6722
0,441.51,0.93,50.01,152.61,0.6298
0,707.01,1.32,51.66,150.87,0.622
0,628.04,756.86,52.04,160.79,0.5922
0,1371.57,185.75,50.16,152.49,0.5658
0,818.1,225.36,76.05,169.73,0.5472
0,1243.31,179.1,58.4,142.85,0.519
0,560.0,230.68,40.73,199.4,0.4789
0,789.31,149.52,58.31,115.75,0.4716
0,1402.42,184.17,55.89,182.3,0.4654
0,1218.02,29.41,63.66,115.33,0.4204
0,801.65,207.97,59.96,186.55,0.416
0,537.31,58.98,49.12,152.26,0.4118
0,1482.63,71.16,55.53,145.0,0.4065
0,377.76,1.09,44.34,136.84,0.405
0,494.06,39.49,49.87,144.03,0.401
0,257.93,91.33,52.21,185.43,0.3196
