0,390.2,786.92,104.02,269.43,0.887
0,421.46,288.41,83.5,221.64,0.863
0,1105.6,149.59,90.06,169.26,0.8568
0,1722.59,456.99,73.2,209.03,0.8546
0,930.09,211.43,61.96,185.45,0.8523
0,1123.8,932.74,74.01,147.24,0.8496
0,1358.73,573.13,88.57,228.69,0.8212
0,102.74,547.41,75.28,249.34,0.7777
0,479.23,166.12,55.99,158.14,0.7332
0,348.94,104.51,64.48,171.43,0.7219
0,516.8,240.61,66.67,195.61,0.7185
0,288.38,126.18,57.1,168.48,0.691
0,439.28,0.0,55.21,145.68,0.5924
0,707.05,1.25,51.41,149.95,0.5888
0,787.22,214.31,63.21,184.27,0.5761
0,376.47,1.26,45.65,136.51,0.555
0,629.13,757.04,51.04,160.27,0.5075
0,71.88,675.06,63.55,199.62,0.4671
0,492.81,40.01,51.01,146.47,0.4628
0,1478.38,0.88,39.33,43.31,0.4599
0,563.46,236.45,40.33,192.54,0.4508
0,788.52,149.6,59.17,110.5,0.4218
0,1215.76,28.98,64.57,116.18,0.4082
0,1233.91,178.87,57.54,140.49,0.3999
0,208.07,144.56,57.04,136.78,0.3899
0,536.5,59.04,49.57,151.83,0.3823
0,834.76,225.38,59.47,176.9,0.3563
0,255.31,96.75,47.3,174.5,0.3447
0,1484.26,71.3,53.55,143.21,0.3303
0,1363.54,179.87,84.95,188.2,0.3134
