0,1078.38,925.9,77.17,154.02,0.8771
0,389.19,750.57,97.04,260.7,0.8747
0,1723.65,457.5,72.25,208.54,0.8624
0,420.18,275.21,79.21,216.25,0.8384
0,1359.18,574.07,87.17,227.33,0.8273
0,890.14,212.84,74.48,186.71,0.8219
0,532.28,256.16,57.18,202.82,0.7983
0,569.4,249.11,60.29,182.08,0.7874
0,1068.45,140.01,68.81,170.36,0.7752
0,346.12,88.11,65.47,187.73,0.761
0,102.64,547.55,71.11,241.61,0.749
0,286.7,124.6,55.33,168.35,0.7364
0,1203.49,173.85,50.21,149.88,0.7171
0,706.86,0.45,51.31,150.73,0.6896
0,477.81,180.25,55.61,167.16,0.6755
0,819.71,245.46,66.5,170.75,0.6621
0,1313.8,182.53,97.34,157.97,0.6425
0,797.77,149.94,50.55,117.11,0.6358
0,773.83,229.43,56.84,187.02,0.6262
0,376.29,0.91,49.91,132.8,0.6144
0,127.73,637.74,62.74,213.83,0.5986
0,1484.66,70.39,52.21,144.93,0.575
0,1214.95,30.54,66.52,115.21,0.4799
0,478.52,38.44,51.51,158.71,0.4572
0,628.36,756.78,51.51,161.95,0.4378
0,522.17,59.39,62.68,157.41,0.4268
0,439.16,0.0,56.45,132.68,0.4135
0,258.56,88.75,45.25,186.06,0.3919
0,216.25,130.9,49.99,146.02,0.3873
0,628.1,757.5,112.04,168.33,0.3299
