0,1089.21,927.26,80.74,152.74,0.8628
0,395.04,766.07,97.04,264.26,0.8588
0,1723.3,457.2,72.63,208.8,0.8579
0,913.51,212.11,54.97,185.05,0.8359
0,423.56,277.26,78.69,213.75,0.8324
0,521.62,250.48,69.44,194.22,0.8182
0,1359.28,575.96,87.7,226.68,0.8115
0,1102.06,139.53,55.64,171.74,0.7907
0,286.83,125.38,56.18,168.77,0.7554
0,107.56,651.57,74.28,221.69,0.7481
0,102.77,547.62,70.5,155.09,0.699
0,570.81,239.36,44.59,172.96,0.6859
0,349.35,99.32,63.0,176.97,0.6753
0,479.26,170.98,56.68,165.27,0.6518
0,781.34,216.43,57.78,189.3,0.6479
0,1213.21,176.82,54.43,150.58,0.6361
0,830.3,236.76,60.98,168.05,0.626
0,442.55,0.0,51.38,141.66,0.6067
0,707.39,0.94,50.84,151.36,0.5959
0,489.76,41.11,45.18,145.95,0.5653
0,1336.29,178.36,82.09,161.55,0.5586
0,214.08,126.38,48.3,155.0,0.5466
0,628.92,756.68,50.58,160.98,0.4916
0,1486.41,1.05,44.24,48.43,0.4849
0,376.08,1.11,46.92,131.81,0.4765
0,1484.25,71.23,52.81,143.72,0.4642
0,795.34,149.79,52.25,97.4,0.4578
0,258.48,89.2,43.08,187.93,0.4091
0,534.87,62.03,51.24,147.72,0.3387
