0,405.45,650.46,88.1,249.63,0.8954
0,1723.48,457.41,72.06,209.02,0.8662
0,0.0,615.8,105.67,232.84,0.8658
0,101.25,547.27,75.68,249.84,0.8605
0,415.91,232.91,76.29,211.41,0.8537
0,865.57,180.88,68.85,184.09,0.8323
0,230.98,573.72,66.53,205.99,0.8267
0,1005.14,912.95,57.02,166.71,0.8141
0,1359.36,574.44,89.23,229.51,0.7989
0,929.89,124.24,78.88,169.18,0.7959
0,350.7,102.29,58.25,174.32,0.7906
0,750.79,269.57,61.48,194.01,0.7678
0,527.82,291.88,57.47,203.2,0.7643
0,793.49,149.96,56.56,153.64,0.7318
0,287.14,137.0,55.3,156.93,0.7243
0,1214.98,157.73,51.64,171.92,0.7231
0,707.06,0.59,51.5,151.43,0.7226
0,1106.14,150.61,54.03,156.25,0.6859
0,799.88,290.51,59.38,181.93,0.6548
0,544.03,165.39,62.21,150.15,0.6492
0,607.05,299.89,54.36,170.37,0.6116
0,1528.2,3.7,29.68,87.27,0.5984
0,1482.59,71.87,55.62,144.5,0.584
0,1254.81,155.15,50.46,163.97,0.5773
0,250.63,89.01,45.4,188.77,0.5772
0,423.46,42.91,43.85,156.54,0.5545
0,506.95,228.47,58.74,160.34,0.4947
0,629.83,758.5,49.4,162.35,0.3675
0,210.45,131.42,49.05,142.85,0.3636
0,630.13,759.79,117.06,172.15,0.361
0,1216.42,31.06,64.72,115.01,0.3461
