0,404.29,683.28,89.49,255.18,0.8973
0,850.92,195.33,71.67,187.69,0.8886
0,102.84,548.32,74.17,248.14,0.8779
0,1723.75,458.14,72.2,208.5,0.8673
0,212.43,597.63,59.78,206.34,0.8567
0,417.28,245.31,79.24,209.35,0.8446
0,983.01,131.16,77.78,170.2,0.8323
0,1030.14,906.57,62.34,171.8,0.8085
0,1359.4,577.83,88.36,225.34,0.8072
0,285.89,127.66,55.53,166.91,0.7337
0,528.84,274.99,63.24,213.3,0.7092
0,1141.57,156.82,55.28,152.64,0.6933
0,795.5,151.45,53.48,136.24,0.6761
0,597.48,273.69,58.53,183.38,0.6659
0,755.1,254.06,66.74,190.04,0.6509
0,348.61,96.82,59.84,180.68,0.6329
0,564.44,159.9,71.69,167.72,0.6134
0,708.67,1.15,49.67,151.28,0.6073
0,210.69,127.62,52.43,147.05,0.5922
0,433.47,44.9,63.01,156.1,0.5618
0,393.91,0.0,41.01,111.81,0.5043
0,496.45,214.77,57.35,168.97,0.5013
0,252.1,83.99,52.3,194.33,0.4836
0,1253.03,165.29,63.42,156.4,0.4481
0,1526.27,0.83,33.82,77.95,0.4477
0,807.28,271.6,54.39,178.07,0.4221
0,1216.1,29.75,64.78,115.86,0.4212
0,626.17,757.35,52.02,160.35,0.3954
0,539.48,62.88,46.59,147.78,0.3916
0,1487.32,71.15,52.53,78.18,0.3428
0,1291.55,165.61,47.7,155.88,0.3329
0,626.56,757.55,110.6,169.75,0.3292
