0,409.59,625.62,88.54,249.98,0.8794
0,872.09,170.59,75.0,186.84,0.8755
0,1723.69,457.55,72.53,209.39,0.8632
0,229.01,550.81,63.57,203.61,0.8558
0,418.16,221.16,73.26,209.91,0.848
0,982.88,922.16,60.55,157.76,0.844
0,32.86,629.29,134.0,250.64,0.8197
0,519.38,306.54,67.9,208.5,0.8143
0,1357.94,572.42,90.33,229.1,0.7877
0,603.06,314.63,57.11,173.51,0.7589
0,288.74,129.61,55.18,166.59,0.7545
0,1163.43,150.72,76.15,176.33,0.7472
0,351.11,104.9,56.71,171.9,0.7445
0,793.83,150.45,56.19,162.13,0.7228
0,1069.41,143.73,52.94,149.77,0.6971
0,750.48,281.43,63.34,195.21,0.6808
0,94.79,546.63,72.18,248.79,0.6534
0,709.2,1.3,48.67,149.96,0.6395
0,799.11,303.4,64.7,173.11,0.637
0,1231.08,144.72,47.13,163.76,0.6255
0,536.88,139.43,52.25,131.38,0.6122
0,915.99,117.88,48.68,117.65,0.5557
0,255.89,92.4,41.97,184.9,0.5518
0,1481.35,71.93,56.42,144.02,0.5459
0,629.71,757.19,51.84,162.56,0.5193
0,525.53,243.52,62.29,96.3,0.4554
0,411.63,47.2,48.91,152.0,0.4388
0,208.85,131.76,52.52,142.14,0.4059
0,457.57,0.73,43.83,93.87,0.3243
