0,390.76,788.7,99.02,267.25,0.8764
0,420.47,289.32,84.08,222.48,0.8687
0,1723.32,457.4,72.71,209.04,0.8583
0,931.55,210.52,62.45,185.15,0.8539
0,1111.61,147.82,85.75,169.9,0.8482
0,61.34,668.98,73.99,215.45,0.8434
0,103.46,547.76,74.21,248.21,0.8356
0,1128.82,933.99,72.93,146.01,0.8356
0,1358.53,573.08,90.33,229.76,0.8204
0,514.14,240.05,68.18,193.42,0.7461
0,478.95,163.07,55.68,156.33,0.7226
0,350.72,105.0,62.56,171.33,0.6982
0,288.69,126.33,57.19,168.18,0.6849
0,706.65,1.25,52.33,150.0,0.6405
0,442.06,0.0,50.46,152.74,0.6267
0,788.85,209.2,64.02,188.01,0.5445
0,628.99,756.6,50.45,160.96,0.5325
0,561.26,233.05,40.66,196.0,0.504
0,538.88,60.04,47.39,150.44,0.4891
0,493.82,39.59,49.84,145.54,0.4838
0,377.31,0.53,44.75,136.3,0.464
0,1397.77,184.27,57.63,184.83,0.461
0,1239.19,178.83,56.8,142.44,0.4142
0,788.96,149.75,58.34,111.15,0.4004
0,827.66,225.63,67.43,172.82,0.3957
0,256.19,91.95,50.49,184.24,0.3768
0,1483.28,71.24,54.78,144.53,0.3742
0,1218.8,29.86,62.83,114.96,0.3725
0,208.54,139.1,51.71,143.92,0.3669
