0,395.28,756.15,94.16,263.76,0.9085
0,1085.74,926.65,78.56,153.04,0.8667
0,1723.02,456.83,72.89,208.93,0.8568
0,421.28,276.2,80.92,214.93,0.8387
0,1094.39,139.82,58.98,169.82,0.8209
0,905.51,212.84,59.97,184.24,0.8131
0,1359.06,573.43,87.65,228.47,0.8078
0,521.98,251.14,69.74,200.44,0.802
0,286.52,123.98,56.09,169.39,0.7637
0,477.75,176.53,58.56,162.69,0.7505
0,346.13,88.65,65.88,187.5,0.738
0,1335.34,172.92,81.4,168.96,0.7264
0,572.85,242.24,47.09,186.5,0.6502
0,1491.25,1.49,43.26,50.36,0.6221
0,707.49,0.58,50.91,150.8,0.621
0,777.3,222.4,59.45,186.37,0.5963
0,214.14,126.91,49.5,154.46,0.5731
0,1208.3,177.31,54.3,150.04,0.5708
0,104.7,547.86,77.97,317.09,0.5655
0,375.26,0.99,48.06,131.26,0.5625
0,483.71,40.09,50.43,147.62,0.5617
0,826.42,239.92,64.1,169.17,0.5617
0,444.44,0.0,49.12,141.61,0.5582
0,628.28,756.93,52.54,160.71,0.5539
0,258.37,88.75,43.4,186.06,0.5102
0,797.21,149.12,50.72,102.52,0.4835
0,533.86,61.25,51.98,151.75,0.4175
0,1214.59,28.9,66.43,115.56,0.3716
0,1483.46,70.97,53.46,143.82,0.3615
