0,395.31,671.78,97.26,263.86,0.8971
0,102.35,547.93,75.17,249.17,0.8761
0,417.0,240.09,79.5,212.31,0.8638
0,1723.74,457.67,72.07,209.56,0.8586
0,222.56,587.91,70.49,214.2,0.8316
0,856.59,192.4,71.3,186.55,0.8277
0,1015.62,909.08,64.22,169.65,0.8105
0,1359.79,576.67,88.39,225.97,0.8036
0,351.34,104.45,56.93,171.92,0.8011
0,750.74,262.26,62.95,192.09,0.7118
0,527.08,283.73,59.87,212.49,0.7007
0,1122.41,152.29,55.12,151.12,0.6915
0,286.38,132.14,55.19,161.97,0.6814
0,797.95,282.3,60.4,164.08,0.6804
0,795.24,150.7,54.14,143.05,0.6763
0,707.16,1.37,51.24,150.87,0.6478
0,969.57,123.03,53.28,172.06,0.6255
0,1522.39,1.0,37.19,91.6,0.5674
0,250.61,83.77,59.59,195.24,0.562
0,603.95,289.2,56.28,168.17,0.5451
0,628.02,757.56,52.44,161.91,0.5033
0,431.28,53.0,52.81,147.04,0.4845
0,1223.1,164.74,87.1,162.99,0.4793
0,1486.67,71.58,52.2,105.21,0.4698
0,392.93,1.14,65.91,109.47,0.4061
0,1267.78,166.54,50.51,143.28,0.4029
0,1217.36,30.04,63.58,115.69,0.391
0,210.38,129.56,49.97,145.67,0.3846
0,548.87,154.61,67.0,169.53,0.3457
0,452.7,0.83,47.92,105.64,0.3433
0,350.02,1.07,46.21,98.82,0.3147
