0,398.48,665.94,92.57,263.54,0.9098
0,101.84,547.57,75.03,249.35,0.8752
0,1723.56,457.43,72.54,209.74,0.8661
0,418.38,237.79,76.65,214.77,0.8624
0,0.09,609.13,69.85,228.92,0.8558
0,859.35,189.2,69.51,181.39,0.8444
0,1012.22,911.13,60.03,167.41,0.8401
0,227.2,584.83,65.29,212.76,0.8183
0,351.91,103.09,56.1,172.99,0.8033
0,1360.18,577.6,86.2,225.42,0.7978
0,947.24,122.62,71.67,170.67,0.7783
0,524.87,287.27,61.03,208.96,0.7593
0,753.92,264.15,57.17,191.2,0.7182
0,286.73,132.78,55.27,161.16,0.697
0,795.08,150.24,54.56,143.56,0.6898
0,706.96,0.95,51.37,151.15,0.689
0,797.66,286.36,59.45,168.34,0.6736
0,607.07,290.34,52.93,168.09,0.5899
0,250.25,89.31,50.8,188.38,0.5617
0,1487.01,72.12,51.37,105.86,0.5296
0,1217.33,161.72,58.95,166.36,0.5258
0,429.42,43.58,47.46,156.21,0.5132
0,629.27,757.86,51.09,161.59,0.5057
0,1259.08,143.89,50.92,174.94,0.4887
0,504.45,221.63,56.29,165.78,0.4805
0,1114.22,150.28,55.85,100.49,0.4212
0,210.6,131.67,51.45,143.49,0.4029
0,546.88,165.95,66.97,165.9,0.3924
0,1526.17,2.33,31.79,87.99,0.3827
0,454.57,0.52,45.15,105.46,0.3398
0,349.26,1.36,44.14,97.66,0.3316
