0,392.61,828.29,97.84,251.56,0.8909
0,27.84,692.77,68.13,226.1,0.8797
0,421.53,306.44,79.93,223.3,0.862
0,1723.59,456.59,72.44,209.72,0.8613
0,102.28,547.98,75.94,246.83,0.8595
0,1164.03,155.11,91.14,167.99,0.8296
0,1358.78,574.39,88.63,227.29,0.8052
0,1160.07,945.68,69.4,134.32,0.792
0,958.88,201.62,63.86,180.72,0.7871
0,501.12,221.04,80.54,200.57,0.7733
0,1398.4,187.72,55.49,189.22,0.74
0,354.88,104.35,59.43,171.94,0.7354
0,815.11,194.25,54.74,185.13,0.6966
0,293.91,125.82,51.82,167.22,0.6796
0,1446.18,192.3,48.77,162.72,0.6685
0,482.07,140.42,52.81,172.95,0.591
0,437.92,5.89,47.22,158.15,0.5852
0,793.02,149.27,49.64,194.46,0.5799
0,708.02,1.4,50.8,150.49,0.5783
0,256.79,97.78,51.27,176.02,0.5683
0,710.51,186.34,48.87,169.6,0.5542
0,208.26,147.31,50.63,134.62,0.55
0,861.07,218.02,42.62,156.1,0.5361
0,628.5,757.28,51.99,160.51,0.4604
0,531.87,60.78,54.22,154.5,0.4357
0,490.29,40.05,49.55,120.29,0.4291
0,1441.2,0.58,44.57,30.36,0.4061
0,1223.17,28.28,57.63,114.92,0.354
0,1273.27,196.0,65.24,123.78,0.3524
0,376.64,4.97,47.78,150.77,0.35
