0,868.29,172.63,86.6,187.58,0.8726
0,409.25,632.79,95.39,255.32,0.8656
0,1723.36,457.61,72.74,209.2,0.8626
0,230.98,555.24,63.12,201.1,0.8496
0,986.82,921.37,58.61,158.01,0.8482
0,416.36,221.01,74.46,210.69,0.8417
0,522.65,302.03,63.46,213.52,0.8066
0,28.78,622.81,121.76,240.27,0.8012
0,1358.72,574.28,90.35,229.39,0.7939
0,1166.35,149.87,75.03,176.43,0.7919
0,96.03,546.89,73.41,249.14,0.7438
0,604.18,314.24,55.47,176.32,0.7372
0,288.11,129.01,55.51,166.59,0.7256
0,1074.34,144.45,53.37,152.31,0.7229
0,745.87,279.22,71.64,192.16,0.7111
0,352.65,105.07,55.43,170.99,0.6929
0,794.32,150.57,56.08,161.47,0.6921
0,539.0,141.58,54.39,133.15,0.6699
0,708.76,1.28,49.17,151.07,0.6099
0,806.8,300.92,58.25,168.82,0.6082
0,1234.98,147.91,62.74,163.96,0.602
0,253.15,88.27,46.45,190.07,0.5262
0,918.9,118.92,50.39,157.12,0.5143
0,526.7,238.81,57.7,72.77,0.4792
0,1483.19,71.97,54.7,143.76,0.4674
0,406.76,47.85,56.63,152.84,0.4339
0,630.13,757.73,50.27,162.95,0.4113
0,459.29,0.9,41.87,94.27,0.3239
0,340.99,0.16,53.13,111.06,0.3128
0,210.14,130.28,47.89,142.31,0.3073
