0,410.97,620.11,83.8,243.83,0.8772
0,1723.73,457.42,72.78,209.69,0.8611
0,419.16,220.12,73.15,210.07,0.8557
0,980.53,921.89,60.87,158.11,0.8502
0,226.3,547.8,65.39,204.18,0.8482
0,875.58,167.08,72.67,171.7,0.8289
0,38.52,635.12,122.86,246.45,0.8195
0,515.93,307.55,70.82,205.74,0.8193
0,1358.31,573.28,86.98,226.86,0.7965
0,601.0,313.01,58.78,180.19,0.7939
0,1161.87,149.33,77.05,177.8,0.7824
0,287.66,128.74,55.12,166.96,0.7559
0,793.36,150.21,56.85,165.83,0.7133
0,1226.81,143.61,50.28,166.28,0.7061
0,350.76,105.1,57.2,171.41,0.7016
0,708.61,1.5,49.14,150.2,0.6548
0,1062.41,141.91,50.2,148.36,0.6496
0,749.62,284.94,63.35,200.3,0.6458
0,531.8,137.1,56.51,138.65,0.6097
0,94.32,547.11,72.8,247.08,0.5967
0,803.65,307.15,60.33,175.9,0.5673
0,256.57,92.0,41.7,185.3,0.5664
0,910.16,117.51,50.73,109.61,0.5626
0,629.93,757.19,51.69,162.39,0.5142
0,530.36,244.81,58.84,95.77,0.4982
0,406.7,44.32,50.99,155.16,0.4817
0,1482.12,72.3,55.66,142.88,0.4692
0,457.73,0.85,45.75,94.02,0.4348
0,210.0,133.03,52.96,143.99,0.3725
0,1219.31,31.07,61.34,115.77,0.3002
