0,35.5,681.41,68.61,218.55,0.8729
0,420.67,297.91,82.77,216.07,0.8649
0,102.74,548.69,75.58,246.17,0.8616
0,382.45,818.0,103.7,259.1,0.8614
0,1723.03,457.63,73.15,208.75,0.8587
0,1151.35,939.26,66.1,140.74,0.8422
0,946.35,203.21,62.05,185.47,0.8415
0,1358.87,573.93,85.59,223.56,0.8085
0,292.09,128.56,56.91,164.9,0.7852
0,502.12,230.16,73.19,196.8,0.7822
0,1165.36,154.69,66.59,167.45,0.7787
0,807.72,196.45,55.99,184.02,0.7457
0,480.51,153.82,52.38,157.97,0.7041
0,352.78,104.97,61.76,170.99,0.6918
0,435.69,2.03,53.1,153.32,0.6613
0,707.96,0.94,50.78,150.9,0.641
0,553.27,221.77,42.24,182.17,0.5996
0,856.93,232.09,46.24,150.07,0.5509
0,1388.35,185.68,54.91,169.19,0.5494
0,629.84,756.78,50.38,160.69,0.5482
0,379.02,2.14,43.21,154.49,0.5127
0,258.57,94.24,47.27,183.39,0.4975
0,789.04,149.93,58.66,123.47,0.4904
0,209.98,142.25,45.62,138.64,0.4253
0,531.92,59.95,55.98,157.26,0.4148
0,1430.26,187.18,50.74,158.16,0.4128
0,686.6,182.31,67.25,174.59,0.3805
0,492.88,40.54,48.39,133.09,0.3781
0,1215.3,28.94,65.4,115.91,0.3596
0,1239.99,271.1,45.75,53.33,0.3521
0,1481.3,71.42,55.83,144.58,0.303
