0,1037.75,140.56,94.89,167.16,0.8896
0,384.21,743.62,100.79,267.42,0.879
0,1072.69,925.65,74.04,153.98,0.8705
0,1723.78,457.19,72.46,208.8,0.8647
0,577.58,250.16,53.44,184.22,0.8483
0,103.54,547.55,64.46,237.78,0.8392
0,418.78,270.4,79.06,219.11,0.8284
0,1359.85,574.14,89.51,229.04,0.8191
0,533.51,258.61,53.52,202.69,0.803
0,888.19,211.92,68.55,183.83,0.7519
0,346.98,89.04,63.16,187.07,0.726
0,132.45,634.38,91.99,206.3,0.7051
0,813.78,249.29,66.33,167.58,0.681
0,1195.49,171.56,55.36,152.4,0.6783
0,286.68,125.76,54.95,167.73,0.6763
0,1314.88,174.11,85.09,162.77,0.6722
0,706.96,1.05,51.34,151.24,0.6633
0,796.87,149.96,51.33,117.12,0.5912
0,479.05,181.26,53.75,166.86,0.5903
0,382.11,2.07,44.73,131.4,0.5726
0,1480.7,70.56,56.58,144.33,0.5675
0,770.67,231.31,54.31,186.01,0.4892
0,627.15,757.65,51.55,158.84,0.4267
0,1215.5,28.72,65.16,115.83,0.411
0,516.36,58.73,68.94,157.04,0.4026
0,1247.11,140.61,62.6,133.38,0.3637
0,258.83,90.05,44.72,179.91,0.3363
0,222.55,143.31,45.1,134.48,0.3356
