0,401.9,697.96,97.8,265.11,0.8789
0,854.8,200.5,68.98,187.02,0.8719
0,102.38,547.87,73.87,246.93,0.8666
0,417.14,251.05,77.56,215.32,0.8629
0,1724.02,457.33,72.08,208.85,0.8604
0,986.46,131.35,81.18,169.4,0.8383
0,202.13,609.74,61.35,215.94,0.8102
0,1359.14,573.06,86.88,225.85,0.8095
0,1037.24,908.98,62.84,169.67,0.8038
0,286.37,126.64,55.69,167.15,0.7939
0,595.89,270.68,55.14,185.96,0.7329
0,534.08,272.66,52.69,203.52,0.706
0,345.87,85.58,63.34,190.89,0.6912
0,707.03,0.99,51.3,150.92,0.6541
0,794.73,149.53,55.0,147.29,0.6099
0,1152.64,159.03,54.78,150.62,0.6067
0,1487.16,70.14,51.55,108.5,0.6049
0,435.03,27.32,64.67,171.14,0.5596
0,750.48,251.67,71.2,184.01,0.5461
0,210.54,127.67,54.74,147.52,0.5325
0,1270.1,165.88,76.4,154.67,0.5112
0,493.0,201.77,54.87,174.45,0.5093
0,253.23,91.68,49.03,180.71,0.478
0,810.95,271.83,52.61,162.03,0.4485
0,572.02,183.89,69.47,112.66,0.4041
0,388.9,0.52,44.1,111.56,0.4032
0,628.6,756.15,99.58,172.44,0.3785
0,1254.48,175.67,44.53,145.15,0.3721
0,1520.72,0.81,38.51,74.9,0.3582
0,1214.85,29.71,65.51,115.38,0.341
0,681.56,282.36,53.65,127.56,0.3201
