0,395.54,716.39,91.38,256.54,0.8942
0,1723.45,456.65,72.61,209.12,0.8585
0,415.99,257.96,78.47,212.88,0.8548
0,102.71,547.58,74.46,247.47,0.8514
0,1054.96,919.34,61.51,160.52,0.8335
0,867.85,205.14,62.65,190.24,0.8269
0,1359.81,573.69,91.62,229.74,0.8165
0,175.19,620.97,62.38,208.08,0.8119
0,1037.93,132.82,55.87,167.91,0.7589
0,586.87,260.72,51.98,184.53,0.7457
0,533.33,263.73,55.09,206.81,0.7419
0,794.98,150.13,53.64,131.11,0.7037
0,1172.56,162.35,56.13,157.78,0.6599
0,485.7,194.83,54.53,168.45,0.6353
0,285.79,124.52,54.61,167.61,0.6256
0,349.25,89.5,62.01,186.18,0.623
0,1291.02,174.25,85.84,147.33,0.6002
0,707.34,0.8,50.92,149.78,0.587
0,1484.42,70.69,53.43,143.92,0.5702
0,751.23,248.3,68.34,173.34,0.5677
0,628.8,756.57,51.99,161.29,0.5534
0,792.49,259.31,77.47,169.93,0.5306
0,1214.88,29.56,65.51,114.74,0.492
0,467.12,22.54,39.61,175.7,0.4607
0,255.74,91.28,46.3,164.47,0.4442
0,378.63,1.22,48.26,121.27,0.4337
0,517.91,60.56,67.33,159.28,0.3523
0,215.62,148.36,51.41,125.63,0.3417
