0,1722.85,457.84,73.0,208.74,0.8634
0,387.73,456.7,81.39,233.77,0.8626
0,940.92,923.04,87.49,155.78,0.8501
0,466.54,401.25,67.42,220.61,0.8226
0,1030.28,103.53,58.56,175.03,0.8223
0,1100.44,95.89,55.24,153.04,0.8197
0,941.76,81.18,60.75,175.02,0.8149
0,231.75,420.53,56.5,187.93,0.814
0,554.86,414.56,63.85,210.27,0.8128
0,203.01,577.63,77.34,252.4,0.8122
0,392.83,17.09,58.9,165.68,0.8056
0,272.47,798.4,85.72,276.62,0.7964
0,1438.34,576.88,85.67,249.77,0.7917
0,1460.85,33.42,59.56,141.58,0.7783
0,1650.58,27.43,53.67,149.37,0.7748
0,461.49,147.49,81.07,197.72,0.7576
0,292.44,132.74,56.69,164.14,0.7419
0,879.74,391.34,72.9,186.51,0.7105
0,345.66,96.21,55.27,185.65,0.7015
0,292.16,727.95,104.76,138.15,0.69
0,813.75,378.36,69.91,203.56,0.6706
0,790.75,151.03,62.3,168.03,0.6333
0,751.0,342.81,55.26,176.68,0.5483
0,250.97,94.18,49.57,186.07,0.5422
0,707.41,1.13,50.98,152.05,0.4793
0,750.79,101.07,44.36,167.62,0.4542
0,512.19,115.04,62.13,172.25,0.4427
0,1220.04,30.75,60.84,115.84,0.437
0,224.87,126.9,48.15,155.4,0.3573
0,105.69,393.91,49.05,145.13,0.3243
0,852.47,110.09,52.06,90.34,0.3001
