0,923.44,125.26,63.45,182.62,0.864
0,166.82,698.79,93.45,255.73,0.8628
0,1722.78,457.3,72.94,209.67,0.8626
0,505.31,346.54,69.95,220.59,0.8535
0,589.72,361.25,58.67,182.0,0.8492
0,370.65,544.84,101.63,242.25,0.8411
0,1357.36,574.31,101.32,232.13,0.8407
0,1580.05,0.24,59.37,135.85,0.8393
0,442.63,184.33,66.13,203.71,0.8378
0,221.12,487.83,56.25,197.1,0.8362
0,1169.76,121.75,60.07,161.98,0.825
0,933.07,901.53,68.08,177.79,0.8059
0,286.11,125.89,55.29,168.24,0.7887
0,116.52,649.68,69.49,227.62,0.7845
0,781.33,326.44,65.45,207.46,0.7707
0,1091.36,128.82,66.82,174.84,0.7589
0,344.86,93.7,59.6,185.15,0.7262
0,709.37,1.53,48.87,150.32,0.7219
0,105.22,557.66,79.86,151.2,0.6976
0,794.37,148.35,59.58,170.32,0.6891
0,841.64,342.39,65.29,186.72,0.6692
0,1487.28,68.96,51.73,124.05,0.6246
0,248.78,94.59,56.92,183.96,0.6185
0,514.47,123.37,55.58,174.4,0.4087
0,961.6,121.82,47.42,128.68,0.3661
0,515.71,57.93,71.33,162.81,0.3536
0,210.76,132.75,51.2,143.75,0.3519
0,105.3,413.72,49.06,121.19,0.3475
0,629.99,758.05,49.5,161.33,0.3251
