0,1721.67,457.86,74.37,209.09,0.8647
0,388.03,457.98,80.89,232.7,0.8597
0,942.12,923.07,86.19,155.51,0.8585
0,1104.29,95.9,57.12,153.3,0.8478
0,199.37,577.2,82.27,252.43,0.8412
0,942.91,82.67,61.27,173.49,0.8398
0,271.4,798.06,85.9,272.76,0.823
0,466.75,399.44,72.56,221.77,0.8167
0,557.54,412.44,63.7,203.77,0.8066
0,1437.53,577.02,83.93,248.73,0.794
0,231.37,425.02,56.17,193.17,0.7923
0,1031.39,103.32,61.11,175.94,0.7859
0,881.77,386.92,72.99,188.84,0.7826
0,287.82,721.3,95.64,139.4,0.772
0,1650.8,27.43,54.77,148.14,0.7715
0,1464.3,34.73,56.66,142.5,0.7685
0,462.05,148.64,76.17,196.33,0.7684
0,391.01,14.76,58.72,166.58,0.7652
0,811.02,377.78,84.84,200.46,0.7166
0,292.65,130.9,56.87,165.41,0.716
0,344.85,94.2,56.55,186.5,0.6681
0,745.74,337.12,53.24,175.39,0.6658
0,792.07,150.72,60.68,168.61,0.641
0,707.62,1.17,50.87,149.48,0.5578
0,250.99,94.67,49.13,184.66,0.525
0,749.33,100.79,46.5,167.51,0.4927
0,510.96,117.95,62.75,170.49,0.4312
0,1220.33,31.09,61.22,115.28,0.4155
0,224.48,135.77,48.01,145.27,0.3929
0,105.85,407.85,48.91,127.42,0.3462
0,632.77,764.75,115.69,154.67,0.322
