0,197.99,576.61,90.38,252.27,0.8659
0,1722.61,457.86,73.47,208.9,0.8645
0,943.17,922.39,84.79,156.51,0.8616
0,262.77,791.71,100.47,265.18,0.8454
0,388.32,460.45,80.31,229.85,0.8376
0,943.08,85.75,62.65,175.61,0.8364
0,1107.08,96.05,58.08,160.22,0.8323
0,559.25,409.23,63.5,202.11,0.801
0,460.65,150.13,81.3,194.16,0.7967
0,1432.33,574.6,82.58,244.15,0.7959
0,467.09,397.25,73.35,224.35,0.7906
0,1465.02,37.24,55.73,141.68,0.7864
0,1032.44,103.31,65.58,178.22,0.7793
0,230.87,430.08,56.94,190.64,0.7556
0,810.85,372.89,77.33,209.49,0.7489
0,282.04,715.73,85.99,139.77,0.7296
0,389.73,8.49,58.21,167.11,0.7074
0,1647.83,23.89,65.15,147.33,0.7052
0,293.51,130.34,58.37,165.63,0.6944
0,885.47,384.56,66.23,187.11,0.6597
0,345.56,96.06,55.86,183.38,0.6561
0,790.61,151.84,61.93,166.8,0.6271
0,251.81,95.13,49.33,182.19,0.5187
0,509.89,118.02,62.81,170.09,0.5062
0,751.43,100.26,43.11,165.31,0.4919
0,707.21,1.46,51.13,151.69,0.4556
0,1218.81,31.3,62.54,115.99,0.3213
0,859.21,108.19,49.24,91.81,0.316
0,631.31,766.24,117.78,157.21,0.308
