0,943.52,921.13,82.73,157.61,0.8708
0,1722.51,457.39,73.65,209.6,0.8638
0,188.13,573.62,83.18,245.53,0.8536
0,379.06,469.95,84.85,246.53,0.8429
0,941.49,92.97,65.87,175.68,0.8426
0,254.61,778.35,90.34,254.62,0.8402
0,565.32,406.56,62.06,207.24,0.8282
0,471.17,393.68,74.06,221.61,0.8264
0,230.99,434.1,57.0,190.37,0.8214
0,1470.93,45.08,51.31,140.7,0.8187
0,1115.52,99.69,56.03,157.71,0.802
0,808.45,368.29,67.43,211.89,0.8014
0,1423.72,571.18,80.6,238.01,0.7995
0,1638.95,20.33,52.25,146.45,0.7895
0,1044.12,105.39,60.26,176.6,0.7849
0,460.8,153.84,79.09,201.91,0.7517
0,882.44,382.13,64.31,188.67,0.7104
0,291.79,128.23,59.15,167.4,0.6969
0,266.63,708.33,65.39,108.76,0.6905
0,790.54,151.2,62.61,168.94,0.6579
0,385.17,6.54,54.03,162.63,0.6451
0,712.64,334.09,63.65,178.67,0.5875
0,707.67,0.25,50.56,152.55,0.5817
0,346.46,100.56,55.31,179.36,0.5688
0,509.85,118.44,56.45,169.58,0.5456
0,756.72,100.56,40.05,166.01,0.5145
0,248.71,93.97,50.38,186.69,0.5005
0,1218.55,31.13,63.35,115.1,0.4373
0,866.32,108.75,50.92,94.11,0.3848
0,105.68,421.83,48.76,117.12,0.3681
0,1512.91,0.35,24.83,53.01,0.3459
