0,488.46,364.33,70.8,215.59,0.8793
0,584.8,377.75,60.43,201.71,0.8666
0,1722.7,457.81,72.93,209.31,0.8634
0,934.97,904.91,66.71,174.13,0.852
0,1077.42,117.93,54.79,179.46,0.8507
0,126.19,565.95,85.3,248.35,0.8499
0,389.69,514.56,87.96,240.6,0.8481
0,221.36,466.72,58.38,196.81,0.8382
0,1148.19,112.78,52.04,164.1,0.8381
0,1599.67,9.9,61.37,142.35,0.8379
0,936.72,111.17,66.13,177.51,0.8321
0,450.71,173.51,74.43,204.27,0.8153
0,211.3,731.89,84.89,257.6,0.7893
0,1380.87,574.14,94.13,235.96,0.7806
0,285.17,125.32,55.44,169.55,0.7718
0,789.46,343.51,66.84,202.18,0.7447
0,796.18,152.17,57.33,166.57,0.7173
0,708.21,1.14,50.54,151.22,0.6765
0,854.11,356.53,69.97,187.82,0.6725
0,180.08,664.96,79.14,229.55,0.5997
0,772.38,100.67,40.92,165.75,0.5965
0,249.71,95.43,48.05,184.44,0.5609
0,1478.73,59.45,50.92,74.19,0.5461
0,340.62,100.84,56.1,176.25,0.5011
0,515.34,119.96,56.01,179.6,0.4797
0,363.28,1.85,51.1,129.97,0.4589
0,103.88,414.82,50.82,119.31,0.3906
0,548.13,0.77,39.57,56.46,0.3404
0,629.9,758.23,116.99,166.99,0.3383
0,907.81,114.18,34.27,87.99,0.3317
0,1487.27,0.27,15.54,21.27,0.3244
0,503.52,2.9,26.67,46.51,0.3238
0,210.79,128.41,51.33,149.84,0.3198
