0,505.77,341.63,70.24,215.55,0.8796
0,590.67,354.4,58.31,187.73,0.8661
0,1723.19,457.37,72.6,209.44,0.862
0,1356.66,574.08,99.8,229.4,0.8563
0,155.69,696.35,103.76,259.18,0.8514
0,918.36,129.93,66.27,177.83,0.8505
0,1578.9,0.0,57.87,132.42,0.8432
0,932.2,901.47,70.11,178.02,0.8391
0,438.95,187.35,67.0,206.4,0.8384
0,375.45,546.86,99.29,244.02,0.8291
0,1175.72,122.02,54.05,162.62,0.8107
0,1091.77,127.71,69.93,175.88,0.777
0,103.24,556.12,79.08,133.4,0.7693
0,111.54,641.08,74.19,233.38,0.7677
0,219.19,492.98,56.41,204.55,0.7627
0,286.84,119.29,54.21,175.56,0.7267
0,778.54,321.81,68.27,207.72,0.7254
0,346.65,97.93,58.92,178.52,0.7218
0,708.49,1.66,50.25,151.78,0.6764
0,249.12,93.51,57.5,184.96,0.6266
0,795.42,140.35,62.96,177.62,0.6088
0,844.67,336.76,58.84,186.94,0.6031
0,1487.84,69.29,52.34,130.01,0.5919
0,487.52,1.04,31.64,63.34,0.4758
0,968.98,123.22,45.45,94.86,0.4443
0,209.45,131.8,51.52,145.31,0.4358
0,514.52,123.2,55.77,174.67,0.4292
0,106.24,422.53,49.14,117.1,0.3367
0,407.73,2.01,32.59,64.7,0.3179
0,631.14,758.66,117.75,173.31,0.3172
