0,244.24,584.94,91.71,244.64,0.8855
0,1457.19,591.77,105.81,232.35,0.8715
0,1722.39,458.21,73.41,209.15,0.8703
0,1012.88,94.09,55.93,181.62,0.8547
0,1676.06,37.92,54.68,152.22,0.8541
0,300.53,839.61,90.01,237.38,0.8525
0,535.78,435.24,67.44,211.7,0.8506
0,1079.07,88.97,55.25,160.42,0.8429
0,937.17,65.7,55.88,171.0,0.8143
0,941.57,916.27,65.34,162.74,0.8081
0,462.72,419.87,61.45,222.63,0.8047
0,889.24,410.22,71.5,186.89,0.8045
0,1460.14,23.09,51.46,139.16,0.8024
0,376.06,433.12,86.79,227.98,0.7929
0,453.68,135.34,71.28,192.1,0.7794
0,236.67,400.09,56.17,187.28,0.7677
0,404.14,30.35,54.48,156.99,0.7373
0,824.34,396.36,70.98,206.99,0.7344
0,284.2,133.67,51.16,165.94,0.7108
0,795.33,151.58,57.39,168.85,0.6628
0,344.41,98.57,58.99,183.26,0.5997
0,329.07,761.29,73.13,136.54,0.5514
0,515.42,111.73,51.55,171.75,0.5316
0,325.58,761.83,94.06,257.52,0.4704
0,708.11,1.08,50.59,149.61,0.4664
0,245.11,96.52,51.33,170.9,0.4346
0,1227.01,30.17,53.71,113.26,0.375
0,219.59,144.3,49.83,143.4,0.3631
0,682.46,278.81,52.47,132.46,0.3366
0,804.95,355.27,53.0,138.04,0.3315
