0,401.39,587.51,78.61,239.11,0.8768
0,1722.68,457.2,72.88,209.56,0.8584
0,80.21,668.18,126.05,239.32,0.8484
0,426.6,203.06,76.42,210.8,0.8329
0,504.05,322.12,73.23,212.29,0.8287
0,894.53,152.39,68.26,181.68,0.8226
0,1141.24,140.47,54.36,179.46,0.8204
0,958.99,911.65,61.89,167.16,0.8201
0,1358.51,572.29,96.25,230.8,0.8079
0,223.6,523.42,60.06,201.42,0.8029
0,0.14,610.68,104.91,235.37,0.7924
0,1197.41,133.8,55.29,164.8,0.7912
0,754.3,297.53,67.1,201.9,0.7819
0,603.52,329.15,55.59,172.99,0.7791
0,100.68,546.56,59.53,153.45,0.7761
0,348.53,104.12,61.01,173.44,0.7201
0,286.8,123.07,54.63,172.01,0.7183
0,1482.91,71.57,57.84,145.55,0.7067
0,813.26,319.53,60.48,180.76,0.693
0,708.35,1.34,49.84,151.68,0.6855
0,794.54,150.96,60.26,173.16,0.6846
0,1021.12,132.4,54.59,146.86,0.647
0,861.31,109.73,54.85,169.26,0.5071
0,522.14,127.94,58.98,167.71,0.5013
0,254.57,92.64,52.9,185.14,0.4893
0,405.58,0.87,37.25,79.82,0.4334
0,377.97,36.82,50.62,136.01,0.3975
0,629.69,757.66,50.46,162.49,0.3658
0,549.38,0.0,39.04,57.82,0.3566
0,1216.64,31.11,64.31,114.28,0.3556
0,559.5,258.82,56.33,183.19,0.3516
0,683.14,288.6,51.86,122.29,0.3398
0,208.58,133.79,56.51,141.09,0.3281
