0,390.82,499.3,80.16,231.07,0.8723
0,136.44,565.89,92.69,246.26,0.8674
0,937.62,910.9,72.64,167.28,0.8588
0,1722.36,457.72,73.71,209.33,0.8586
0,575.91,384.61,62.99,207.96,0.8539
0,1623.49,8.28,54.42,144.87,0.8444
0,226.31,741.42,87.69,260.75,0.8429
0,487.71,374.78,68.5,224.7,0.8296
0,935.21,107.9,69.03,181.07,0.8264
0,1068.97,116.34,52.43,179.66,0.8244
0,1137.62,108.15,54.07,163.09,0.8176
0,223.72,456.36,58.64,197.15,0.8061
0,452.83,164.83,72.93,197.48,0.7853
0,1389.85,568.56,89.44,238.49,0.7798
0,1475.91,53.21,52.58,149.78,0.7652
0,285.74,125.2,59.16,170.11,0.7444
0,864.08,361.07,69.3,187.65,0.7137
0,204.14,678.62,81.05,139.07,0.6924
0,795.87,348.84,70.04,208.42,0.6915
0,794.44,153.64,59.2,165.42,0.6675
0,763.41,101.18,40.73,169.32,0.6566
0,367.75,1.21,51.21,156.85,0.5832
0,706.59,0.54,51.96,151.83,0.5671
0,512.7,116.73,58.82,173.97,0.4666
0,103.26,410.61,51.53,119.75,0.4524
0,239.25,95.09,55.53,183.64,0.4114
0,629.93,759.6,114.38,165.34,0.3468
0,210.88,131.22,55.17,143.84,0.3303
