0,142.73,565.18,92.62,245.95,0.8926
0,572.71,386.28,63.97,204.65,0.8823
0,385.4,490.17,83.18,233.38,0.8808
0,1625.46,11.7,59.29,147.6,0.8656
0,1723.16,458.05,72.66,209.28,0.8599
0,938.98,912.73,75.59,165.87,0.8506
0,1064.94,112.13,52.91,180.31,0.8273
0,224.69,453.53,58.58,197.29,0.8222
0,488.8,376.4,67.05,224.22,0.8194
0,936.33,103.19,69.57,181.52,0.8167
0,1476.89,50.64,51.44,142.05,0.8116
0,454.52,163.05,71.52,196.72,0.8042
0,1133.97,103.6,54.98,158.59,0.7994
0,234.66,756.79,85.32,260.74,0.7972
0,1404.59,568.86,79.21,234.14,0.7806
0,865.57,366.11,71.68,182.54,0.7589
0,287.15,126.32,54.94,168.2,0.7115
0,803.45,353.27,68.12,201.42,0.6604
0,792.81,151.46,59.71,167.04,0.6566
0,761.74,101.31,41.14,168.09,0.6406
0,219.0,679.69,87.06,142.7,0.6054
0,369.91,2.81,56.07,162.66,0.6012
0,512.52,118.68,58.02,169.79,0.574
0,705.39,0.51,53.33,152.05,0.5233
0,240.04,94.21,55.79,184.32,0.462
0,421.8,0.0,58.67,49.07,0.4385
0,1222.81,31.31,59.08,114.83,0.3966
0,347.84,101.97,55.9,177.08,0.3789
0,630.54,756.95,49.19,163.42,0.3734
0,104.07,394.64,51.39,143.29,0.3491
0,880.73,110.9,54.3,152.19,0.3326
