0,373.74,485.14,95.32,238.17,0.8784
0,166.36,563.82,77.36,254.86,0.8781
0,570.17,393.79,63.41,203.35,0.8755
0,1722.67,457.95,73.44,209.14,0.8647
0,938.25,917.86,81.81,160.73,0.8617
0,1128.05,100.32,53.98,160.11,0.8535
0,1627.9,17.55,59.8,145.39,0.852
0,1474.57,47.48,52.1,143.91,0.8295
0,486.34,380.42,67.55,217.78,0.8295
0,1058.0,108.58,56.04,176.45,0.8234
0,245.3,770.29,84.84,260.48,0.8161
0,938.88,97.77,67.05,176.06,0.8057
0,1411.2,564.36,82.89,238.38,0.7858
0,288.39,127.74,55.24,168.02,0.7852
0,455.36,159.85,70.22,200.27,0.7724
0,227.77,446.03,58.62,194.75,0.7694
0,233.32,690.39,72.83,134.43,0.7288
0,800.09,355.55,72.58,204.47,0.7172
0,791.41,151.68,60.59,167.73,0.6392
0,870.34,370.56,56.97,189.08,0.628
0,761.46,99.97,39.45,167.04,0.6265
0,695.53,321.34,49.91,174.44,0.5942
0,511.8,120.15,60.59,168.01,0.5668
0,706.41,0.7,52.03,151.69,0.5338
0,376.88,4.12,50.9,164.0,0.514
0,244.2,94.84,52.45,182.84,0.4341
0,877.2,109.63,53.89,95.47,0.34
0,346.5,97.47,57.12,182.14,0.3357
0,105.75,411.41,49.78,122.58,0.3028
