0,1722.92,457.84,73.08,208.98,0.8733
0,194.27,575.88,85.61,251.63,0.8707
0,943.8,921.39,83.15,157.46,0.8678
0,387.02,465.28,77.72,226.29,0.8568
0,942.06,90.86,65.43,175.96,0.8365
0,231.75,433.28,56.29,192.65,0.823
0,257.77,782.26,97.51,263.64,0.8216
0,1113.31,97.73,56.79,158.24,0.8176
0,809.6,369.65,65.73,211.45,0.8047
0,562.99,405.8,62.33,209.36,0.8032
0,1427.9,571.5,82.9,240.77,0.8025
0,1470.43,42.7,50.97,143.6,0.7979
0,468.7,395.85,75.11,218.86,0.7816
0,880.63,382.53,64.57,189.45,0.7726
0,1641.52,21.14,51.53,145.67,0.7708
0,1033.81,104.53,67.42,178.03,0.7688
0,461.69,152.3,81.22,197.76,0.7497
0,290.74,126.86,58.83,169.21,0.7155
0,273.27,709.29,72.48,125.82,0.7089
0,387.09,6.99,56.5,160.66,0.6731
0,790.29,150.91,62.85,169.03,0.6564
0,346.77,100.37,55.76,178.0,0.6174
0,249.08,93.97,51.12,187.0,0.5257
0,707.9,0.33,50.36,154.82,0.5108
0,1221.82,30.75,59.76,115.35,0.4641
0,511.23,116.55,49.24,171.76,0.4594
0,754.04,100.51,42.86,165.49,0.4357
0,100.49,416.95,52.96,114.54,0.3742
0,731.38,336.5,50.9,176.73,0.3461
0,865.1,109.16,47.04,93.04,0.3419
0,1499.28,1.36,43.67,51.37,0.3093
