0,580.64,381.18,60.88,211.89,0.8669
0,1723.06,457.67,73.39,209.33,0.8656
0,937.1,907.96,68.76,170.85,0.8546
0,390.01,505.24,85.76,240.81,0.8519
0,221.91,737.91,85.92,251.21,0.8425
0,132.93,567.32,86.13,244.93,0.8396
0,487.63,371.54,69.39,224.19,0.8371
0,932.94,108.27,72.06,181.85,0.8347
0,1072.89,116.68,53.19,179.59,0.8266
0,451.54,167.72,69.4,204.55,0.8247
0,1388.61,569.47,86.53,236.4,0.8206
0,223.98,458.7,56.52,196.32,0.8146
0,1611.19,8.45,57.44,144.94,0.8085
0,1142.03,111.37,53.04,162.78,0.7996
0,1476.77,58.35,51.52,142.59,0.7486
0,859.71,359.53,68.75,189.62,0.7271
0,285.56,125.48,57.63,169.67,0.7152
0,791.57,349.37,74.23,201.49,0.699
0,707.48,0.61,51.11,151.58,0.6648
0,796.62,155.89,56.74,162.99,0.6542
0,767.5,100.26,38.29,171.22,0.636
0,189.61,676.2,93.61,224.12,0.5557
0,514.25,119.55,57.53,178.1,0.4909
0,229.84,94.33,65.09,182.55,0.451
0,343.61,101.96,58.72,177.62,0.3947
0,897.54,112.18,40.17,95.98,0.3575
0,629.91,758.3,101.99,163.97,0.3081
