0,139.84,684.21,115.44,254.19,0.8905
0,592.11,345.03,60.87,197.58,0.8785
0,390.66,556.8,86.96,235.65,0.8659
0,1723.03,457.45,72.65,209.64,0.8642
0,933.33,902.4,70.63,176.8,0.8503
0,507.57,339.94,68.58,209.45,0.8384
0,1357.18,573.38,96.83,231.62,0.8335
0,1578.31,0.0,52.46,131.21,0.8231
0,432.8,189.89,70.75,204.49,0.8106
0,906.33,136.77,73.24,181.55,0.8092
0,1115.79,127.38,52.47,177.62,0.7902
0,1182.84,125.52,54.66,161.94,0.7861
0,89.0,638.72,84.24,236.91,0.7823
0,286.02,127.42,55.05,166.66,0.782
0,216.01,499.61,56.6,204.08,0.7819
0,709.14,1.39,49.24,150.31,0.741
0,770.43,316.67,71.87,197.84,0.7045
0,101.65,553.57,75.05,150.96,0.6481
0,349.47,103.97,57.9,173.63,0.6261
0,1489.86,70.19,51.88,137.47,0.6226
0,794.43,151.17,65.77,167.64,0.5932
0,249.12,94.31,62.59,182.98,0.5836
0,839.73,333.6,48.54,180.22,0.5382
0,515.17,122.24,55.32,176.06,0.5241
0,210.01,129.71,50.99,144.96,0.4922
0,106.69,414.53,49.73,122.92,0.4745
0,486.58,0.58,28.67,71.18,0.4184
0,629.87,758.59,49.83,162.1,0.3774
0,1221.02,34.14,61.24,110.21,0.3653
0,404.01,1.27,36.17,65.15,0.3097
