0,398.58,595.42,82.13,241.36,0.8703
0,1723.05,457.82,72.61,208.84,0.8655
0,78.04,657.05,107.61,236.84,0.8567
0,0.23,606.83,104.46,232.01,0.8295
0,220.76,528.22,64.71,198.82,0.8244
0,426.78,204.08,76.3,210.29,0.8142
0,893.98,154.88,66.84,182.06,0.8095
0,505.15,320.09,75.44,209.82,0.8053
0,964.88,913.69,62.03,164.84,0.8033
0,1149.1,139.46,52.45,181.15,0.788
0,1358.95,572.41,92.06,229.47,0.7774
0,1201.31,136.04,58.68,166.45,0.7666
0,101.43,546.11,56.8,142.96,0.7601
0,604.53,329.38,54.71,167.33,0.7592
0,754.59,294.88,66.56,198.73,0.7407
0,794.54,150.75,58.5,170.42,0.7184
0,349.51,104.0,59.08,172.77,0.7098
0,708.15,1.49,49.95,150.5,0.6849
0,867.86,111.39,48.63,167.49,0.6539
0,518.93,131.01,60.66,163.91,0.6512
0,287.03,119.95,55.5,175.68,0.6488
0,1484.87,71.91,54.74,143.87,0.5963
0,255.82,93.91,49.02,182.99,0.5096
0,811.47,318.66,58.55,171.43,0.4774
0,555.06,259.02,54.28,176.96,0.4713
0,1030.11,133.11,52.02,148.09,0.4502
0,381.52,35.81,57.07,161.21,0.3815
0,629.68,758.63,50.34,162.62,0.3725
0,1217.42,31.37,63.64,114.11,0.3558
0,407.21,1.07,37.07,80.97,0.3407
0,629.66,759.28,113.71,167.2,0.3189
0,549.96,0.0,38.61,57.97,0.3162
