0,400.97,584.35,80.97,241.06,0.8779
0,504.88,322.09,72.7,210.04,0.8643
0,93.81,668.39,112.7,246.88,0.86
0,1722.78,457.32,73.37,210.1,0.8511
0,427.66,203.14,76.06,209.18,0.8456
0,1135.42,139.84,58.17,180.51,0.8338
0,899.94,149.03,66.09,177.07,0.8327
0,956.26,910.48,61.12,168.42,0.8273
0,12.32,612.74,95.09,234.7,0.8166
0,1195.62,134.24,52.04,165.1,0.8104
0,602.18,331.69,56.23,172.38,0.8103
0,754.19,302.44,70.28,203.58,0.79
0,221.82,521.79,60.53,201.81,0.7852
0,1358.12,573.11,95.86,228.42,0.7813
0,101.02,547.14,62.62,159.34,0.7691
0,286.34,128.99,54.45,166.41,0.7439
0,347.15,103.92,63.09,173.81,0.6969
0,816.19,321.33,62.4,186.72,0.6921
0,707.95,1.35,50.39,151.89,0.6867
0,794.11,150.86,59.99,175.48,0.6839
0,1016.15,131.41,51.85,152.54,0.5969
0,1486.6,71.69,54.59,144.35,0.5851
0,1575.3,0.0,28.49,119.88,0.5141
0,371.94,37.29,55.55,149.91,0.4796
0,253.22,96.17,51.31,180.65,0.4719
0,562.69,265.04,57.79,178.04,0.4565
0,472.73,0.14,37.28,81.94,0.4513
0,853.29,109.74,51.31,164.0,0.4108
0,405.21,1.36,34.27,74.64,0.3949
0,630.65,759.39,49.51,160.16,0.3923
0,549.25,0.53,37.85,57.35,0.372
0,1216.78,32.13,63.56,114.2,0.3672
0,996.59,205.86,52.54,81.54,0.3572
0,520.19,128.22,48.47,165.83,0.3513
0,208.2,131.05,56.75,143.84,0.3434
0,107.11,424.5,66.68,107.38,0.3363
0,683.26,287.7,51.33,122.93,0.3173
0,1492.67,72.65,49.57,71.85,0.3089
0,517.23,58.54,70.53,161.11,0.3012
