0,1722.91,458.02,72.97,209.06,0.8561
0,218.42,535.29,68.98,206.63,0.8479
0,506.97,320.97,77.66,211.06,0.8297
0,69.18,654.06,103.44,235.73,0.8289
0,425.74,207.83,75.28,206.35,0.8275
0,395.46,604.77,87.91,250.85,0.8147
0,1153.61,141.67,52.29,178.48,0.809
0,887.98,157.86,71.03,182.3,0.8015
0,967.34,916.03,64.42,162.35,0.8013
0,0.05,599.48,66.2,233.99,0.7961
0,603.08,326.86,56.29,167.52,0.7883
0,754.14,298.79,60.03,197.12,0.7854
0,517.22,132.62,60.02,156.49,0.7651
0,1358.63,572.49,86.38,225.98,0.7608
0,287.24,127.73,54.81,167.98,0.7541
0,1206.36,141.33,59.72,166.03,0.7497
0,348.57,104.75,61.95,172.69,0.7274
0,794.12,150.97,59.59,168.84,0.7202
0,805.21,314.31,65.08,177.34,0.6858
0,707.89,1.76,49.9,150.66,0.6525
0,255.33,93.15,44.6,183.24,0.5549
0,1037.39,136.39,51.68,150.9,0.5233
0,1485.11,72.17,54.01,144.11,0.5033
0,98.61,545.87,61.47,151.42,0.4921
0,1017.9,212.25,59.08,81.78,0.4344
0,209.7,131.12,54.47,142.84,0.4342
0,629.93,757.34,51.59,161.8,0.4219
0,396.53,42.59,52.12,157.27,0.4012
0,548.0,255.65,53.92,117.38,0.3995
0,875.38,114.75,40.15,156.86,0.356
0,683.85,286.62,51.32,123.44,0.3447
0,1491.05,72.97,48.74,71.17,0.3043
