0,133.18,676.67,116.99,256.8,0.8934
0,903.78,139.76,72.6,175.88,0.872
0,397.85,560.68,82.2,238.74,0.8641
0,1723.3,457.54,72.29,209.12,0.8622
0,593.43,345.43,60.48,197.71,0.8466
0,935.65,904.36,69.05,174.49,0.8334
0,430.85,190.94,72.15,205.06,0.831
0,1357.16,574.49,92.52,229.65,0.8179
0,508.17,338.0,67.56,212.39,0.8129
0,1184.54,127.37,51.58,165.73,0.7963
0,72.36,632.96,94.34,247.39,0.7962
0,1118.74,129.84,54.77,178.23,0.7918
0,1576.2,0.0,47.84,131.16,0.7838
0,215.29,501.41,57.63,202.19,0.7686
0,708.95,1.58,49.45,150.91,0.7493
0,286.18,124.22,55.13,169.87,0.747
0,767.39,314.93,71.79,198.4,0.7267
0,99.56,552.75,75.93,159.47,0.6484
0,981.49,124.39,54.21,155.04,0.638
0,793.69,151.33,60.47,168.71,0.6114
0,832.31,330.25,58.63,182.38,0.605
0,248.34,94.79,65.91,183.27,0.5852
0,346.39,101.99,60.76,176.12,0.5786
0,1489.33,71.17,52.61,135.5,0.5113
0,485.12,1.07,28.9,70.79,0.5036
0,824.97,109.41,59.95,166.42,0.4834
0,629.61,757.13,51.58,162.26,0.4516
0,106.39,407.54,49.6,127.32,0.4101
0,1220.63,31.57,61.11,113.65,0.3967
0,515.92,123.65,54.61,174.33,0.3906
0,404.07,1.66,34.98,67.92,0.3863
0,210.44,128.61,50.65,146.54,0.3561
0,519.51,58.12,67.41,163.01,0.3453
0,366.57,45.76,45.74,96.83,0.3289
