0,172.83,567.85,77.02,247.39,0.8822
0,371.64,483.03,96.3,240.31,0.8812
0,569.55,397.78,60.6,205.05,0.8631
0,1722.46,457.63,73.54,209.61,0.8624
0,937.46,919.82,85.6,158.65,0.8585
0,483.92,382.65,68.93,217.84,0.8541
0,1629.39,19.11,60.8,146.07,0.839
0,1125.56,99.83,55.33,162.36,0.8319
0,248.23,765.35,85.89,266.03,0.8309
0,1413.46,565.09,83.51,239.6,0.8308
0,228.45,442.33,58.37,191.63,0.8232
0,940.68,95.59,65.45,177.26,0.8204
0,1055.49,107.07,54.85,174.79,0.813
0,1474.18,46.51,50.89,141.76,0.8094
0,457.05,159.47,67.82,200.34,0.7631
0,290.19,128.46,55.92,167.35,0.7559
0,241.45,696.82,66.91,124.35,0.7526
0,801.9,357.08,73.53,212.73,0.7254
0,872.27,372.08,64.57,195.8,0.6559
0,791.83,152.4,59.91,165.87,0.6149
0,760.31,99.95,39.26,167.13,0.5942
0,511.85,119.95,59.55,167.76,0.5573
0,378.09,5.93,50.37,162.96,0.4915
0,245.51,94.86,51.34,182.68,0.4442
0,871.83,107.21,56.91,151.0,0.4398
0,707.31,0.61,51.03,153.37,0.4363
0,350.5,101.86,52.57,178.28,0.4049
0,1507.49,0.73,19.54,42.13,0.3711
0,105.76,409.35,49.62,125.59,0.3094
0,211.83,143.59,55.17,134.0,0.3067
