0,1722.78,457.94,73.05,209.25,0.8676
0,388.29,454.57,79.52,234.16,0.8618
0,938.4,923.71,90.16,155.22,0.8494
0,1026.98,99.65,59.52,176.44,0.8413
0,551.18,420.02,66.06,207.08,0.8282
0,465.78,402.7,64.85,218.72,0.8277
0,1098.92,94.47,50.93,155.62,0.8219
0,279.95,802.8,82.84,270.69,0.8192
0,1439.88,578.95,82.1,247.26,0.8173
0,1651.12,28.6,56.8,148.66,0.8172
0,940.74,79.87,59.52,174.66,0.8153
0,211.74,580.17,72.25,249.93,0.8117
0,1462.4,33.21,56.69,144.81,0.7739
0,394.91,20.67,57.57,162.58,0.7704
0,883.24,394.77,70.63,190.69,0.7504
0,231.97,417.24,56.43,177.49,0.7476
0,461.05,145.89,69.27,199.22,0.7253
0,292.65,131.33,56.95,166.87,0.7154
0,298.98,735.28,108.18,137.29,0.7054
0,345.16,96.05,55.74,186.18,0.6799
0,788.4,150.83,64.15,168.38,0.6461
0,816.95,379.27,64.79,206.45,0.6206
0,250.85,95.01,47.96,184.61,0.5563
0,707.69,0.98,50.89,151.71,0.5016
0,754.53,345.34,57.23,169.87,0.4826
0,512.55,115.13,61.41,170.9,0.4395
0,750.12,101.06,44.56,168.07,0.3967
0,849.18,109.84,52.93,91.5,0.3956
0,225.88,127.63,45.86,152.71,0.3867
0,1218.99,30.65,60.97,116.8,0.3859
0,105.75,412.37,48.58,122.42,0.3453
0,208.0,141.81,30.73,125.9,0.3035
