0,571.16,389.45,64.93,201.88,0.8987
0,377.83,487.54,90.92,237.01,0.8887
0,1627.92,15.88,59.55,143.39,0.8663
0,1722.35,458.18,73.43,209.2,0.8618
0,937.84,914.27,79.29,164.57,0.8591
0,153.99,563.86,88.23,246.45,0.8576
0,1476.04,49.39,51.87,141.78,0.8397
0,937.22,100.29,68.8,173.32,0.8283
0,488.67,378.63,66.57,221.12,0.826
0,1131.2,102.86,54.66,156.09,0.8202
0,801.43,355.81,73.6,199.37,0.8137
0,227.1,450.36,56.97,194.22,0.8082
0,1061.75,109.87,53.76,177.2,0.8055
0,241.17,764.73,83.61,265.55,0.7984
0,453.47,161.72,72.29,198.37,0.7873
0,1407.76,566.52,76.38,237.08,0.7818
0,225.91,684.36,80.03,138.16,0.781
0,287.85,127.23,57.72,168.92,0.7675
0,868.57,367.44,66.17,183.66,0.7457
0,793.26,152.9,58.41,166.24,0.648
0,761.49,100.81,40.97,167.62,0.6349
0,512.36,119.84,59.32,168.15,0.6038
0,706.9,1.36,52.34,151.41,0.5092
0,1495.72,0.51,30.75,39.35,0.4805
0,373.42,3.33,54.96,159.79,0.4692
0,240.9,94.85,54.66,185.06,0.4594
0,629.76,759.02,117.29,164.76,0.3464
0,513.61,1.86,19.6,41.55,0.3407
0,689.0,316.58,48.62,174.59,0.3232
0,880.24,111.02,55.2,150.37,0.3053
0,1227.98,32.71,54.53,111.7,0.3051
