0,287.26,818.85,96.14,258.68,0.8777
0,1722.66,457.66,72.72,209.73,0.863
0,1668.3,30.12,54.7,150.73,0.861
0,464.6,413.27,61.98,226.17,0.841
0,937.85,921.36,84.27,157.32,0.8369
0,390.24,440.59,75.02,221.55,0.8349
0,542.82,428.64,64.02,209.37,0.8335
0,234.9,580.97,71.32,248.6,0.833
0,1017.19,96.56,58.23,178.8,0.8311
0,1088.85,93.39,51.23,157.42,0.8186
0,938.46,75.39,58.71,177.06,0.7992
0,1451.47,583.79,89.63,242.82,0.7991
0,233.88,411.53,57.5,177.6,0.7931
0,458.64,141.43,66.66,197.65,0.7887
0,1459.42,28.11,57.55,143.11,0.7773
0,399.77,21.98,55.27,161.92,0.7592
0,889.49,402.95,73.2,192.88,0.7518
0,287.14,133.0,55.19,165.81,0.7289
0,315.87,745.5,91.44,141.7,0.7181
0,787.53,151.51,66.42,168.37,0.694
0,342.16,96.54,60.02,186.25,0.6415
0,817.39,394.5,74.75,206.49,0.6296
0,247.06,96.14,51.44,185.07,0.5722
0,786.46,349.65,49.45,134.31,0.5073
0,514.56,112.46,54.81,171.37,0.4957
0,707.84,1.61,51.08,149.4,0.4635
0,1219.26,30.1,62.46,115.66,0.4458
0,747.21,102.52,45.24,169.2,0.3976
0,868.16,2.71,31.12,52.26,0.3751
0,105.18,407.1,49.53,128.06,0.3331
