0,244.19,586.4,98.23,243.54,0.8751
0,1459.94,589.43,107.55,236.51,0.8703
0,1722.44,458.08,73.24,210.04,0.8636
0,534.79,438.37,66.28,210.86,0.8625
0,303.35,841.57,88.39,236.59,0.851
0,1075.43,86.41,56.75,164.89,0.8426
0,237.12,398.11,56.54,188.41,0.8381
0,1010.39,92.68,56.33,181.25,0.8203
0,1678.24,40.09,54.11,151.49,0.8166
0,936.79,63.05,55.26,173.44,0.812
0,941.33,915.13,63.35,163.76,0.8078
0,461.55,421.31,61.79,221.07,0.8075
0,375.64,430.34,85.95,232.06,0.7954
0,453.24,131.97,72.11,195.32,0.7897
0,1457.62,22.64,52.45,140.09,0.787
0,404.74,30.33,54.96,159.41,0.7751
0,824.77,395.78,74.3,205.67,0.7718
0,893.24,413.62,66.01,195.99,0.7602
0,282.57,134.86,52.05,165.11,0.7089
0,794.89,151.66,57.49,169.07,0.7075
0,338.69,767.04,83.48,264.09,0.609
0,343.33,101.33,60.28,180.73,0.5936
0,514.72,110.97,51.99,173.06,0.5039
0,338.23,767.0,67.81,137.38,0.4281
0,1223.11,29.72,57.92,113.89,0.414
0,241.78,97.98,51.03,152.53,0.4131
0,806.32,359.44,56.59,122.0,0.3568
0,215.07,143.28,53.39,147.99,0.3505
0,707.79,1.71,51.11,148.73,0.3285
0,824.66,107.88,58.16,86.57,0.3039
