0,943.5,922.06,84.03,156.79,0.8738
0,1722.65,457.67,73.11,209.03,0.8702
0,197.73,576.92,91.07,251.17,0.859
0,943.13,87.49,63.35,172.42,0.8468
0,387.24,462.25,79.32,229.08,0.8427
0,1108.93,96.13,58.08,158.8,0.82
0,263.3,789.01,94.56,266.16,0.817
0,811.02,370.18,75.93,210.98,0.8158
0,231.15,431.61,56.58,193.47,0.8153
0,882.33,384.27,69.97,188.73,0.8101
0,1430.33,572.93,82.24,244.13,0.8089
0,1462.93,37.71,58.24,143.59,0.7996
0,467.42,397.17,74.1,217.65,0.7891
0,560.91,407.07,63.21,205.8,0.7784
0,1031.89,103.57,67.05,177.25,0.7779
0,459.92,150.88,80.34,195.12,0.776
0,278.13,712.39,82.35,140.06,0.7513
0,1645.98,23.32,50.3,146.33,0.6956
0,291.21,128.19,59.55,167.36,0.6695
0,388.43,6.15,58.18,164.48,0.6403
0,791.38,151.18,62.11,167.53,0.6343
0,345.69,97.23,55.8,182.9,0.6306
0,249.9,94.15,51.26,185.17,0.5284
0,510.08,117.67,61.64,170.49,0.517
0,707.24,0.23,51.19,154.64,0.4865
0,751.46,100.44,44.05,165.76,0.4621
0,860.54,109.26,49.69,91.55,0.3448
0,104.4,409.08,49.75,125.54,0.3352
0,630.45,758.39,110.92,162.89,0.3114
