0,400.88,589.53,78.93,239.28,0.8694
0,1723.26,457.11,72.51,209.21,0.8651
0,0.0,611.66,103.51,232.66,0.8624
0,78.77,664.26,121.27,242.95,0.8622
0,960.79,912.7,61.69,165.74,0.8335
0,894.87,154.25,69.29,179.37,0.8305
0,427.6,203.52,76.27,210.57,0.8228
0,504.2,321.88,73.89,211.72,0.8207
0,100.97,546.36,58.49,147.99,0.8144
0,1145.07,139.2,52.61,180.49,0.8078
0,1359.13,572.24,95.32,230.92,0.8075
0,223.58,524.78,59.88,200.82,0.8011
0,754.37,296.24,65.31,201.36,0.7844
0,604.51,330.0,54.72,165.91,0.7792
0,1198.94,134.97,54.44,162.48,0.7763
0,347.99,104.36,61.9,173.8,0.7389
0,811.4,319.15,61.4,178.78,0.7296
0,286.51,126.84,54.75,168.46,0.7238
0,793.63,151.1,59.28,171.15,0.7112
0,1483.84,71.78,56.6,143.79,0.6862
0,708.39,1.52,49.79,151.54,0.6782
0,522.0,127.57,47.61,165.03,0.6447
0,864.57,109.47,49.73,168.82,0.5864
0,1023.5,132.16,55.54,150.96,0.528
0,255.24,92.58,50.37,185.72,0.4926
0,629.93,758.86,50.14,162.49,0.4034
0,381.08,37.75,49.27,156.79,0.3856
0,558.18,257.88,55.3,181.71,0.3651
0,405.12,1.23,37.5,78.91,0.3132
0,549.46,0.69,39.08,57.88,0.3044
0,208.7,134.39,55.94,142.7,0.3025
