0,400.01,581.48,90.0,244.96,0.8802
0,1723.55,457.7,72.42,209.15,0.8625
0,505.84,327.7,69.21,213.8,0.8472
0,1130.72,134.39,57.64,183.6,0.8275
0,900.88,143.2,68.94,181.89,0.8273
0,1358.43,574.03,94.65,228.45,0.8262
0,1191.43,132.59,50.75,166.79,0.8251
0,426.82,199.29,74.7,206.83,0.823
0,112.13,667.5,94.26,251.77,0.821
0,948.86,909.08,63.56,170.34,0.8095
0,46.16,612.47,73.52,238.28,0.8067
0,217.48,517.52,62.21,199.65,0.79
0,100.78,549.91,68.35,180.11,0.7581
0,602.16,341.23,56.05,191.04,0.75
0,809.36,326.87,73.76,188.52,0.7377
0,755.7,308.79,70.87,198.01,0.7209
0,286.08,128.82,54.25,165.49,0.716
0,708.8,1.56,49.77,150.48,0.6998
0,1575.11,0.26,35.8,129.25,0.6635
0,347.99,100.32,64.01,178.04,0.6501
0,792.91,152.11,58.07,171.27,0.6395
0,1005.6,129.82,52.09,153.49,0.6273
0,837.44,110.93,64.31,167.07,0.5923
0,1487.28,70.75,54.48,145.37,0.5256
0,249.22,94.2,61.25,184.31,0.4872
0,478.86,0.81,32.57,72.05,0.464
0,987.54,202.73,52.35,83.94,0.4405
0,516.86,58.34,71.03,153.37,0.4332
0,629.38,759.42,51.21,159.84,0.4079
0,106.65,405.31,57.09,125.47,0.3801
0,518.86,125.48,45.04,167.88,0.3677
0,1216.0,31.02,63.58,114.25,0.3505
0,549.05,1.14,37.05,55.16,0.3503
0,682.72,288.51,51.95,122.47,0.3319
0,1494.66,71.27,47.97,73.56,0.3261
0,373.04,43.56,48.47,106.05,0.3084
