0,1722.9,457.59,72.93,209.33,0.8628
0,390.01,515.32,84.91,241.1,0.8533
0,489.88,362.02,71.65,212.61,0.8471
0,586.95,372.98,59.23,203.2,0.8452
0,1079.25,118.38,53.93,178.75,0.8448
0,122.89,563.8,83.5,248.17,0.836
0,1151.24,114.18,52.47,160.58,0.8357
0,935.21,903.51,63.67,175.2,0.8337
0,448.32,174.32,76.1,206.16,0.8299
0,1600.19,8.69,60.17,142.96,0.8168
0,936.63,113.59,62.53,175.51,0.8157
0,221.95,469.67,57.21,202.33,0.802
0,207.97,726.01,85.96,262.78,0.7875
0,284.66,123.69,54.79,170.29,0.7657
0,1375.48,576.96,101.51,235.25,0.739
0,787.94,339.58,66.42,203.07,0.7357
0,708.12,1.09,50.96,150.59,0.7033
0,794.35,151.59,59.35,166.8,0.6678
0,852.74,351.75,68.87,189.93,0.5983
0,174.8,658.2,74.15,234.87,0.5676
0,1480.38,60.75,50.46,142.28,0.5656
0,773.7,101.63,44.04,164.56,0.5547
0,248.99,94.36,48.68,185.53,0.5268
0,340.43,99.32,44.91,176.68,0.5195
0,360.08,1.13,53.32,133.07,0.4775
0,514.89,117.82,54.78,181.31,0.432
0,210.23,129.42,51.48,146.37,0.3596
0,366.25,104.41,39.74,170.79,0.3384
0,628.95,758.1,51.24,162.03,0.3372
