0,571.4,387.41,65.41,202.75,0.8919
0,381.52,488.71,86.84,234.48,0.8808
0,148.46,564.66,89.38,245.13,0.8794
0,1626.23,14.64,60.22,143.77,0.8718
0,938.31,912.99,77.99,165.33,0.8591
0,1721.44,458.14,74.49,209.04,0.8575
0,1477.0,49.99,51.08,141.88,0.8391
0,936.55,101.66,69.92,176.24,0.8273
0,488.47,377.23,67.09,223.66,0.8242
0,237.68,760.42,88.42,267.62,0.8201
0,1132.1,102.91,55.26,159.27,0.8103
0,1062.77,110.54,54.43,177.97,0.8058
0,454.57,162.22,71.64,198.23,0.7935
0,225.84,452.37,58.03,199.24,0.7934
0,1405.8,565.96,79.31,236.98,0.7784
0,801.89,354.21,68.08,201.26,0.7492
0,221.07,682.31,85.07,134.09,0.7479
0,287.48,126.48,57.13,168.59,0.7356
0,864.05,366.57,71.66,182.33,0.734
0,793.18,153.88,58.7,166.08,0.6688
0,762.22,100.68,40.57,167.69,0.6493
0,511.84,119.77,59.51,168.03,0.6331
0,371.16,3.21,57.12,161.71,0.5387
0,706.37,0.37,52.25,151.89,0.5386
0,240.96,95.02,54.67,184.69,0.4497
0,630.32,759.35,50.04,160.44,0.3979
0,512.48,2.4,20.26,44.71,0.3935
0,421.93,0.0,58.97,48.56,0.3331
0,884.35,109.41,51.06,96.44,0.3312
0,1226.44,31.77,55.26,112.01,0.3203
0,1500.38,0.48,25.48,39.15,0.3194
