0,394.92,487.21,81.6,233.29,0.8705
0,415.62,967.92,99.11,110.54,0.856
0,953.34,928.6,68.18,150.35,0.8554
0,1723.84,456.75,72.74,210.24,0.852
0,973.12,55.86,56.86,175.17,0.8464
0,439.11,98.26,75.79,191.37,0.8371
0,1545.75,625.33,91.31,236.79,0.8365
0,1032.56,66.6,53.33,158.22,0.8334
0,924.87,15.55,64.13,167.84,0.8332
0,1735.83,76.43,53.3,151.85,0.8278
0,1432.17,0.0,63.42,115.99,0.8056
0,225.06,337.47,58.04,182.51,0.8014
0,907.12,468.01,61.53,193.92,0.7589
0,456.66,888.19,105.75,184.8,0.7554
0,468.52,576.68,66.94,239.12,0.7506
0,994.88,410.35,57.28,192.84,0.7407
0,495.34,511.08,63.39,204.92,0.7288
0,844.82,453.3,66.81,216.97,0.722
0,362.67,96.15,66.66,185.73,0.718
0,796.97,152.35,56.93,167.62,0.7127
0,1605.72,0.68,56.67,134.82,0.7125
0,427.15,348.97,78.48,200.29,0.7078
0,847.35,1.38,39.72,90.11,0.6481
0,711.15,5.64,49.35,141.96,0.5746
0,286.45,131.64,59.44,167.03,0.5495
0,1220.88,27.94,59.85,115.37,0.5365
0,520.08,98.67,34.38,104.6,0.4863
0,1390.22,0.31,16.4,30.77,0.471
0,261.47,77.65,48.81,183.26,0.4497
0,1361.95,0.34,18.41,28.44,0.4313
0,763.77,90.97,44.92,151.78,0.3634
0,637.98,763.73,42.79,155.7,0.3492
0,381.27,1.39,35.09,71.48,0.3286
0,103.96,411.02,49.97,124.07,0.3243
0,327.39,49.26,60.36,162.16,0.3218
0,425.47,58.89,61.48,162.24,0.3162
