0,520.15,961.72,116.5,118.23,0.88
0,971.85,915.34,76.68,164.21,0.8625
0,1017.14,56.33,53.99,156.9,0.8572
0,345.37,526.39,92.79,241.05,0.8537
0,1722.29,452.69,74.64,213.94,0.8507
0,957.1,42.2,55.85,172.6,0.8209
0,459.71,544.26,66.14,225.9,0.8092
0,439.32,310.97,72.46,210.39,0.8075
0,1629.97,13.35,52.52,162.17,0.8025
0,1070.15,441.51,67.8,196.4,0.7995
0,911.56,504.18,72.48,205.58,0.7913
0,444.3,78.62,65.46,185.81,0.7868
0,508.19,88.93,49.63,169.34,0.7799
0,551.15,574.67,100.8,240.08,0.7648
0,1806.22,451.2,60.61,209.36,0.7644
0,1432.1,0.68,46.92,95.43,0.7625
0,790.97,151.91,61.34,167.68,0.7589
0,850.96,484.51,66.9,223.53,0.7583
0,1767.1,97.01,55.26,158.18,0.7379
0,349.79,87.26,74.3,194.4,0.7361
0,1581.84,632.66,90.81,245.86,0.729
0,1820.4,66.61,51.21,163.16,0.7159
0,926.22,0.0,52.06,147.68,0.6769
0,701.2,4.63,45.12,120.06,0.6735
0,286.82,131.25,58.46,165.8,0.6038
0,421.93,71.26,44.14,173.17,0.4945
0,543.94,58.64,41.41,148.27,0.4732
0,261.65,101.78,44.99,158.36,0.4012
0,106.87,417.84,49.85,116.96,0.3931
0,382.28,0.33,39.85,90.49,0.3844
0,1220.18,28.24,63.27,114.66,0.3743
0,754.83,94.52,48.1,112.92,0.3739
0,425.17,0.92,44.34,90.44,0.3374
0,211.69,112.48,53.52,176.07,0.3351
0,209.87,331.09,53.31,153.64,0.327
0,1361.97,0.89,18.69,26.49,0.3236
0,846.95,0.0,35.98,107.2,0.3083
