0,532.77,968.19,104.38,111.81,0.8855
0,1016.0,54.74,52.22,160.76,0.8758
0,1634.09,13.47,58.96,162.52,0.8665
0,956.38,40.35,55.83,174.07,0.8605
0,974.49,911.9,79.42,167.62,0.8574
0,336.18,531.73,93.41,246.81,0.8566
0,1722.5,451.19,74.65,214.9,0.8496
0,914.05,506.47,67.81,204.5,0.8433
0,456.32,552.0,66.48,228.81,0.8321
0,850.05,490.48,67.79,227.92,0.8138
0,1771.24,101.27,52.15,159.91,0.8121
0,1083.96,448.43,62.87,199.98,0.8101
0,1425.68,1.4,55.94,86.9,0.7894
0,444.13,306.84,71.41,210.11,0.7815
0,445.48,76.76,66.42,187.25,0.7746
0,507.21,85.54,50.3,171.72,0.7666
0,1801.3,447.09,60.75,211.02,0.761
0,567.44,569.76,97.71,242.5,0.7471
0,347.83,88.82,72.11,192.73,0.7316
0,924.38,0.0,54.81,145.58,0.7286
0,790.06,151.85,62.49,168.44,0.664
0,1587.06,636.9,86.72,240.8,0.6597
0,700.6,5.01,45.8,120.01,0.5607
0,820.95,0.07,57.55,107.57,0.5521
0,207.91,317.04,53.01,168.89,0.5464
0,423.84,72.45,40.02,170.6,0.5027
0,1810.86,66.02,59.72,164.09,0.4345
0,211.67,108.11,57.62,179.29,0.4127
0,752.45,97.21,50.17,129.97,0.4113
0,1220.55,26.56,63.09,118.16,0.3863
0,285.23,131.27,50.58,164.25,0.3805
0,1361.64,0.96,19.57,27.59,0.3551
0,385.58,0.28,37.05,92.34,0.3488
0,543.1,60.44,44.69,161.22,0.3375
