0,535.94,969.79,100.67,110.21,0.8903
0,1634.02,13.31,62.2,162.67,0.8813
0,1015.83,55.18,51.46,157.83,0.8768
0,334.61,533.95,93.91,243.9,0.8607
0,1722.78,452.45,74.78,213.85,0.8541
0,974.42,910.24,80.43,169.49,0.8535
0,959.04,38.78,53.03,174.33,0.8506
0,454.89,553.71,66.93,232.3,0.8294
0,915.61,507.85,66.72,206.62,0.8256
0,848.82,491.36,69.08,227.59,0.8231
0,1430.52,1.44,51.28,85.8,0.8217
0,1770.05,102.35,54.96,157.13,0.8127
0,444.53,304.1,71.96,210.02,0.8105
0,1088.63,449.59,62.14,200.34,0.8089
0,923.58,0.0,55.86,145.54,0.7628
0,507.03,83.96,50.28,171.4,0.7584
0,447.07,76.84,65.09,186.85,0.7521
0,1799.48,447.81,59.75,202.99,0.7482
0,346.15,88.06,73.25,193.71,0.7465
0,572.78,567.27,93.32,242.93,0.6896
0,1599.67,633.48,73.49,243.11,0.6656
0,790.13,152.16,62.79,167.08,0.6586
0,821.82,0.0,55.06,107.75,0.6443
0,1811.34,66.51,56.23,161.91,0.6249
0,700.64,3.59,46.25,121.94,0.5943
0,424.5,73.27,39.37,169.67,0.5775
0,208.1,318.26,52.55,166.79,0.5176
0,284.42,130.5,52.26,165.35,0.4703
0,211.22,107.91,59.88,179.55,0.4349
0,1222.46,25.77,60.89,117.75,0.414
0,543.1,60.6,44.83,162.15,0.3963
0,107.28,414.16,49.05,120.28,0.3255
0,1361.43,1.17,19.76,27.26,0.3179
0,385.85,0.31,36.77,93.79,0.3062
