0,1006.43,83.51,56.25,174.79,0.8833
0,1481.38,589.81,104.59,249.29,0.8679
0,1722.42,457.42,73.26,210.27,0.8637
0,934.86,908.92,63.42,170.04,0.859
0,318.4,860.58,94.83,218.27,0.8475
0,1065.4,84.27,52.27,153.52,0.8449
0,935.3,57.7,62.09,175.49,0.8404
0,389.45,408.87,71.51,222.98,0.8392
0,1453.12,14.53,50.63,138.54,0.8335
0,532.41,450.46,65.18,206.06,0.8214
0,236.55,388.8,55.79,191.18,0.8157
0,828.3,407.09,76.91,220.54,0.8031
0,283.35,576.86,77.45,250.39,0.7917
0,454.82,434.54,61.64,226.24,0.7869
0,1690.24,44.24,52.87,150.72,0.783
0,450.96,129.66,73.83,196.71,0.7654
0,359.75,779.15,91.88,255.39,0.7218
0,899.28,424.51,56.22,193.87,0.7091
0,278.76,134.88,56.92,164.95,0.6986
0,414.26,34.84,55.15,155.49,0.6821
0,795.74,151.57,57.79,168.18,0.6717
0,708.65,0.54,50.42,154.07,0.5819
0,352.65,103.22,54.0,179.22,0.5757
0,510.83,103.14,51.21,171.77,0.5325
0,850.94,360.66,56.29,79.23,0.4831
0,226.51,100.18,60.6,176.23,0.4471
0,208.96,149.14,56.15,138.16,0.4299
0,739.04,98.47,51.71,174.64,0.428
0,1855.85,539.05,54.6,48.62,0.4192
0,683.3,282.89,52.66,128.09,0.3559
0,818.51,107.28,54.58,153.79,0.3201
0,1221.11,29.12,59.51,115.58,0.3171
