0,390.55,492.84,83.4,232.9,0.8943
0,952.35,930.27,74.9,149.01,0.8707
0,420.68,977.11,105.3,102.82,0.864
0,1723.89,456.97,72.16,209.9,0.8563
0,481.04,576.0,89.91,241.4,0.8562
0,1430.65,0.0,59.21,109.38,0.8504
0,1031.35,65.11,53.48,156.9,0.8489
0,1739.76,77.58,56.57,151.21,0.8471
0,1002.8,411.7,61.86,190.19,0.8411
0,1545.94,630.06,100.49,233.42,0.8395
0,922.59,13.06,65.85,164.95,0.832
0,430.33,339.07,72.25,210.27,0.8094
0,973.23,54.53,54.73,173.82,0.809
0,440.89,94.08,73.87,187.3,0.8053
0,908.46,473.37,64.91,197.69,0.7936
0,845.33,455.93,68.5,217.42,0.7733
0,224.5,333.72,54.58,180.14,0.7713
0,467.36,894.82,83.24,178.52,0.7698
0,362.02,99.48,68.57,182.36,0.7164
0,797.87,152.56,56.96,166.71,0.7086
0,845.98,0.48,39.3,95.37,0.6725
0,1611.83,0.33,61.71,140.81,0.6512
0,486.22,514.53,65.32,114.99,0.6297
0,1868.41,62.62,49.69,156.75,0.5391
0,1219.34,27.72,62.64,117.46,0.5251
0,710.15,5.18,50.5,136.3,0.509
0,287.85,131.56,57.74,168.48,0.5031
0,261.32,74.67,49.05,193.7,0.4671
0,1390.92,0.13,15.62,30.85,0.4622
0,517.23,78.7,46.13,185.34,0.4521
0,1362.4,0.4,17.35,28.04,0.4338
0,104.4,420.66,50.73,118.29,0.4295
0,329.56,49.16,63.18,158.3,0.3709
0,423.58,0.98,38.69,81.85,0.3634
0,378.97,1.38,37.97,76.25,0.3503
0,762.29,89.64,45.08,156.47,0.3352
0,639.36,761.31,40.98,156.61,0.3344
0,206.61,125.0,59.07,169.9,0.3142
