0,331.66,541.76,87.01,238.04,0.9143
0,445.14,289.86,75.76,206.82,0.8735
0,1722.46,453.63,74.25,212.66,0.8676
0,958.24,29.08,53.59,169.69,0.8653
0,1012.58,49.47,52.88,165.66,0.8485
0,1637.55,23.83,67.66,165.87,0.8388
0,444.61,565.77,74.88,235.23,0.836
0,553.01,993.75,86.5,85.8,0.8216
0,455.95,75.11,64.63,187.1,0.8073
0,981.5,906.16,78.38,173.52,0.8025
0,1775.86,103.93,57.9,156.05,0.8019
0,917.43,515.86,69.83,201.16,0.7967
0,831.54,0.06,44.77,111.4,0.7914
0,852.16,496.16,67.93,224.84,0.7833
0,1109.22,456.44,64.12,196.78,0.7812
0,786.82,151.55,65.8,166.57,0.765
0,1436.94,1.25,42.14,83.98,0.7631
0,349.2,82.72,65.14,196.52,0.7604
0,207.07,293.76,53.72,175.61,0.7391
0,426.28,75.77,40.53,172.45,0.7195
0,921.24,1.01,55.34,134.84,0.697
0,1616.53,629.16,56.99,249.49,0.6942
0,279.51,130.83,56.51,160.89,0.6632
0,1787.58,435.4,64.88,198.81,0.6628
0,509.7,79.38,46.87,165.12,0.6492
0,701.64,0.49,47.96,126.04,0.59
0,1801.0,65.3,54.63,164.46,0.4529
0,106.87,410.98,48.77,123.45,0.4502
0,535.96,61.53,54.17,146.43,0.4497
0,210.24,135.14,60.94,148.29,0.4481
0,743.4,106.43,58.63,140.89,0.436
0,386.0,0.49,38.64,100.7,0.362
0,429.46,1.21,40.94,98.03,0.3046
