0,333.63,536.68,89.42,241.25,0.8949
0,1015.05,54.52,51.3,155.92,0.8683
0,1722.89,454.24,74.23,211.63,0.868
0,448.65,296.07,69.97,206.83,0.8635
0,1634.76,15.74,67.76,164.68,0.8625
0,543.03,975.97,93.8,103.16,0.8594
0,959.57,33.54,52.5,170.83,0.8451
0,975.81,907.89,81.74,171.73,0.8441
0,1095.21,449.21,65.51,199.55,0.8418
0,449.86,561.66,69.3,231.58,0.8301
0,921.68,0.0,56.16,139.8,0.8147
0,911.61,510.81,71.75,201.67,0.813
0,1432.86,1.51,47.44,84.46,0.8079
0,1773.37,102.46,56.2,156.6,0.7936
0,851.44,493.95,68.22,225.19,0.7669
0,449.57,77.39,64.79,184.7,0.766
0,828.64,0.0,47.0,109.48,0.7323
0,346.85,86.09,70.91,194.6,0.7301
0,207.69,297.61,53.62,184.92,0.7245
0,786.22,151.67,66.14,167.12,0.7205
0,506.4,81.92,53.12,166.55,0.6926
0,1793.01,443.3,64.11,208.16,0.6887
0,1597.54,627.88,75.38,253.47,0.6794
0,1808.32,66.86,54.94,162.58,0.6464
0,702.1,0.52,44.47,121.56,0.612
0,425.26,74.37,39.1,167.56,0.6101
0,605.11,564.11,64.42,214.55,0.5858
0,282.64,128.9,53.9,164.62,0.5206
0,1222.3,26.28,61.0,116.91,0.396
0,543.0,61.73,47.04,152.48,0.3935
0,386.01,0.0,37.63,94.97,0.3425
0,211.37,129.29,57.58,159.69,0.3034
