0,313.23,562.85,93.62,243.84,0.9083
0,431.43,588.52,67.94,231.43,0.8717
0,452.37,273.46,70.52,201.64,0.8603
0,1722.32,455.08,73.59,211.3,0.858
0,854.59,519.16,76.74,228.65,0.85
0,1158.7,469.58,58.79,200.1,0.8418
0,1639.98,38.72,55.13,165.09,0.8334
0,1446.02,1.5,48.62,70.91,0.8206
0,925.17,530.56,75.27,204.98,0.8092
0,955.93,26.34,50.95,171.05,0.8063
0,1007.77,41.9,54.11,157.45,0.8053
0,982.17,908.12,82.38,171.35,0.8051
0,1770.57,110.22,61.69,163.47,0.8007
0,791.1,150.6,61.71,167.17,0.7985
0,1618.47,623.57,58.79,254.35,0.7965
0,831.17,0.0,48.88,118.07,0.7423
0,200.32,284.37,55.19,175.49,0.734
0,919.11,0.0,55.12,130.2,0.731
0,426.56,85.5,48.27,176.27,0.7288
0,350.58,89.62,57.98,192.02,0.7052
0,468.88,70.61,64.8,185.23,0.7019
0,712.07,0.17,47.77,125.46,0.584
0,277.78,129.32,57.28,162.66,0.5512
0,591.0,1026.01,70.35,53.99,0.5446
0,219.73,135.17,56.0,156.06,0.5118
0,424.62,0.28,46.47,107.06,0.4234
0,1768.69,428.84,63.71,205.49,0.3819
0,259.44,73.82,56.21,87.22,0.3733
0,1220.78,30.63,61.99,110.07,0.3471
0,1361.71,0.6,19.43,27.15,0.3453
0,545.06,58.51,49.77,162.31,0.3254
0,106.97,413.55,47.81,121.16,0.3194
