0,397.64,484.67,84.85,237.35,0.862
0,1034.37,68.21,52.45,162.93,0.8617
0,974.81,60.38,57.33,171.92,0.857
0,1723.56,457.92,72.13,208.81,0.8559
0,409.12,966.95,95.42,111.87,0.8453
0,926.22,16.39,64.22,167.09,0.8451
0,952.92,926.24,65.2,152.58,0.8298
0,1545.62,623.3,86.29,239.06,0.8224
0,436.37,101.65,78.11,189.94,0.8221
0,225.8,339.2,58.71,182.25,0.8176
0,1438.7,0.0,57.76,123.89,0.8056
0,499.28,504.31,64.94,211.68,0.8001
0,422.8,355.93,87.92,191.43,0.7781
0,980.88,407.78,66.51,193.67,0.7669
0,444.34,575.33,82.64,244.7,0.7659
0,908.12,463.83,59.16,194.92,0.7607
0,797.37,151.82,56.58,167.8,0.7196
0,1594.63,0.64,63.73,134.24,0.7162
0,844.49,451.94,70.56,217.7,0.6981
0,361.17,96.74,67.83,184.05,0.6945
0,448.66,884.27,114.38,169.83,0.6936
0,845.3,1.0,42.49,87.76,0.6483
0,1733.08,75.19,53.59,152.41,0.5804
0,710.25,5.17,49.31,127.41,0.5787
0,285.92,133.04,60.25,165.68,0.5774
0,1220.94,28.89,60.13,116.83,0.4748
0,259.69,78.22,52.18,184.92,0.453
0,1883.46,64.01,36.36,153.46,0.4207
0,521.68,98.26,32.82,105.4,0.4135
0,103.88,422.34,51.38,117.4,0.3972
0,683.65,281.93,51.95,126.95,0.395
0,325.91,48.8,52.97,154.36,0.3851
0,1362.03,0.84,19.34,27.56,0.3802
0,1390.06,0.6,16.22,30.1,0.3533
0,638.91,764.46,41.57,155.05,0.3353
0,423.77,58.77,56.31,153.64,0.3293
0,380.4,1.82,33.8,71.25,0.3008
