0,389.84,494.84,82.2,235.34,0.8913
0,952.05,931.05,76.91,148.49,0.8764
0,481.22,575.27,103.01,241.59,0.8681
0,1723.67,454.89,73.48,211.45,0.8558
0,1005.36,412.58,62.37,189.4,0.8548
0,1031.71,65.24,53.0,155.51,0.8509
0,1743.25,78.65,55.94,152.25,0.8458
0,422.61,981.15,106.12,98.26,0.845
0,1431.21,0.0,57.01,108.8,0.8323
0,922.08,12.32,66.37,165.5,0.8274
0,1545.26,627.94,102.73,237.0,0.8237
0,430.31,337.26,72.64,211.98,0.8228
0,906.09,475.84,69.23,193.88,0.8089
0,224.6,332.92,53.63,183.05,0.7953
0,843.6,456.77,69.14,219.08,0.7792
0,441.83,93.93,74.58,181.71,0.7721
0,469.94,897.85,80.47,171.98,0.7706
0,973.32,55.35,53.49,171.4,0.7685
0,798.5,152.59,55.74,165.49,0.7171
0,362.81,101.52,67.42,179.74,0.6823
0,1611.37,0.04,55.04,144.05,0.6716
0,844.88,0.13,40.48,97.02,0.6397
0,483.15,515.31,67.33,108.75,0.6175
0,709.84,4.9,50.39,139.21,0.5703
0,1866.03,59.93,49.6,163.29,0.52
0,515.97,82.18,46.81,181.44,0.5172
0,261.1,76.11,47.35,179.66,0.4951
0,1219.08,27.88,63.17,117.14,0.482
0,288.81,130.3,57.41,170.06,0.4434
0,1390.55,0.03,15.84,31.7,0.4336
0,329.97,49.78,63.29,158.81,0.4191
0,103.76,420.81,50.2,111.88,0.3951
0,1362.51,0.69,16.27,27.95,0.3613
0,424.52,1.31,37.82,85.46,0.3562
0,638.34,762.45,43.06,156.15,0.3169
0,760.3,89.5,45.43,132.82,0.3163
0,378.73,1.54,38.15,76.59,0.3124
