0,320.33,558.12,94.21,248.89,0.8799
0,433.16,577.66,70.69,228.71,0.8774
0,852.19,509.53,73.17,228.7,0.871
0,445.42,282.82,75.67,208.89,0.8703
0,1722.65,454.04,73.33,212.35,0.8643
0,1638.98,29.76,66.11,164.81,0.8602
0,924.05,528.03,72.72,208.6,0.841
0,1009.9,43.64,52.57,158.25,0.8378
0,957.78,27.15,50.98,172.54,0.8261
0,1130.82,467.2,71.93,204.14,0.8168
0,833.36,0.18,43.58,120.18,0.8092
0,980.0,906.93,84.45,172.07,0.8086
0,789.63,150.97,62.3,168.4,0.8059
0,1776.38,428.8,66.58,204.03,0.794
0,574.7,1014.66,85.18,65.34,0.7829
0,918.31,0.02,56.45,131.18,0.7741
0,1617.37,626.26,59.55,253.43,0.7635
0,1771.12,110.69,68.46,165.54,0.7578
0,199.67,287.6,57.94,175.34,0.7431
0,347.9,83.34,61.09,198.29,0.7126
0,464.73,71.87,68.55,184.42,0.6949
0,1439.73,1.63,41.27,71.6,0.6939
0,427.53,79.05,47.73,177.97,0.6789
0,707.86,1.27,47.73,123.86,0.6013
0,281.31,128.33,53.48,164.33,0.5522
0,1221.35,28.02,60.05,114.25,0.5097
0,211.58,139.49,59.97,147.7,0.48
0,542.94,60.44,54.51,152.55,0.4374
0,423.61,1.3,46.93,99.6,0.4207
0,256.25,75.03,58.16,87.05,0.3658
0,1784.95,59.37,64.59,91.3,0.3658
