0,514.82,472.76,66.88,215.42,0.8763
0,992.56,76.11,57.1,169.1,0.8729
0,933.0,907.74,70.11,171.35,0.8678
0,928.68,39.87,59.96,173.47,0.8675
0,1722.9,457.63,72.9,209.28,0.8612
0,358.19,902.02,105.88,176.31,0.8496
0,1449.04,1.74,57.36,137.85,0.8474
0,331.65,579.62,104.38,244.91,0.8381
0,429.25,459.02,76.36,226.07,0.8223
0,1048.0,79.04,49.22,153.37,0.82
0,1522.71,607.74,80.04,234.26,0.8194
0,827.03,435.15,84.32,197.04,0.7899
0,237.24,368.87,54.37,183.44,0.7829
0,1711.16,50.93,52.47,155.47,0.7685
0,453.9,117.31,64.79,191.87,0.7383
0,417.0,44.65,55.98,166.89,0.7351
0,276.18,132.9,58.46,165.21,0.7009
0,357.59,99.49,60.08,181.73,0.6887
0,1575.02,0.64,47.86,104.53,0.6457
0,709.77,4.47,48.76,141.07,0.6434
0,393.91,385.48,83.66,215.04,0.6402
0,728.42,98.22,53.78,168.96,0.5893
0,794.92,159.73,56.58,159.48,0.5825
0,392.16,812.89,80.85,258.64,0.5383
0,1220.3,30.38,61.9,115.23,0.5129
0,910.54,378.0,55.36,156.41,0.472
0,903.84,442.51,53.9,194.85,0.4293
0,514.64,103.97,41.24,162.23,0.3961
0,1840.15,521.29,66.53,65.4,0.389
0,105.95,420.74,48.08,118.71,0.3695
0,784.33,99.13,64.48,83.8,0.3686
0,684.0,279.94,51.27,130.4,0.3258
0,861.03,1.9,35.72,75.25,0.3226
