0,530.25,967.57,107.07,112.43,0.8957
0,1016.16,55.24,52.38,160.0,0.8702
0,974.34,913.19,78.29,166.33,0.8627
0,1632.87,13.59,56.3,162.73,0.8607
0,1722.78,452.96,73.21,213.23,0.8552
0,339.66,531.44,92.6,246.4,0.8535
0,911.4,505.17,70.65,206.36,0.8473
0,955.44,41.25,57.09,173.51,0.8442
0,457.02,550.32,66.67,224.37,0.8238
0,1080.21,447.42,64.85,188.15,0.8104
0,443.72,308.61,71.05,210.34,0.8071
0,849.31,491.23,67.94,227.01,0.8052
0,445.46,76.96,66.88,187.86,0.8043
0,1769.19,100.04,53.89,159.18,0.7928
0,1422.89,1.07,58.37,88.57,0.792
0,507.05,86.59,50.46,171.32,0.7813
0,564.11,571.12,95.12,240.49,0.7633
0,1802.84,449.13,60.45,211.34,0.7459
0,349.44,86.83,71.54,195.04,0.7226
0,1599.11,633.04,74.03,246.52,0.6963
0,925.21,0.0,53.26,145.69,0.6805
0,790.88,151.83,61.68,168.32,0.6692
0,699.94,4.53,45.92,119.64,0.6078
0,819.58,0.54,59.28,106.55,0.5566
0,423.56,73.25,40.1,170.74,0.5189
0,210.8,105.6,61.15,181.81,0.426
0,751.63,95.96,51.43,129.79,0.4249
0,284.89,130.54,55.8,165.3,0.4039
0,1222.65,26.88,61.27,116.91,0.3822
0,208.77,330.2,52.08,155.53,0.3765
0,1815.65,68.5,55.59,157.91,0.364
0,107.28,416.97,48.73,117.26,0.335
0,491.35,1058.59,40.06,21.41,0.3268
0,427.91,0.59,41.86,102.12,0.3173
0,318.07,51.77,64.81,174.17,0.3116
