0,996.43,80.88,58.21,169.13,0.8732
0,434.65,445.41,69.51,230.8,0.8699
0,1722.57,457.12,72.88,210.1,0.8614
0,928.92,906.94,74.28,172.25,0.858
0,520.4,470.59,66.43,218.41,0.8512
0,930.11,47.02,60.56,170.16,0.8493
0,318.66,586.3,112.9,237.3,0.8433
0,1051.85,81.09,51.65,157.94,0.8405
0,1512.53,606.38,85.92,234.11,0.8383
0,1450.32,5.23,56.19,138.39,0.8223
0,1702.48,47.31,55.29,155.26,0.82
0,349.31,889.36,96.7,188.96,0.81
0,454.37,119.87,67.16,189.0,0.7893
0,395.75,391.42,70.92,218.59,0.7848
0,234.46,373.62,56.6,189.11,0.7705
0,829.87,429.08,69.27,204.01,0.7682
0,356.29,103.87,57.46,175.21,0.7537
0,417.67,44.66,56.25,166.78,0.7537
0,1578.46,0.0,43.66,101.4,0.7513
0,891.6,436.81,67.78,196.01,0.7507
0,708.13,3.3,50.89,144.4,0.7135
0,276.36,132.51,56.82,165.49,0.6757
0,382.7,808.25,94.9,152.64,0.6246
0,795.22,110.97,60.36,209.18,0.565
0,729.53,95.05,55.01,173.35,0.5444
0,897.69,377.94,51.52,76.75,0.501
0,864.99,1.6,30.83,76.22,0.4765
0,1218.29,29.87,63.37,116.19,0.4553
0,1843.31,526.29,67.95,59.95,0.4463
0,683.15,279.1,53.0,131.31,0.4167
0,513.19,100.93,38.65,166.67,0.4153
0,105.12,369.91,53.02,170.48,0.3601
0,210.37,141.24,57.88,153.5,0.3331
