0,1002.45,82.21,59.05,173.49,0.8926
0,315.64,580.19,86.68,248.3,0.8813
0,330.44,880.13,97.87,198.7,0.8795
0,1721.79,457.31,73.91,209.99,0.8628
0,934.46,51.36,57.21,165.99,0.857
0,1488.26,600.52,100.97,237.63,0.8529
0,930.84,907.23,68.31,171.91,0.8368
0,528.7,459.06,64.31,208.39,0.8328
0,446.69,439.09,64.39,221.63,0.8319
0,1695.94,48.53,53.39,153.55,0.8304
0,1451.89,11.6,51.02,139.96,0.8304
0,235.28,380.62,55.62,183.73,0.8093
0,1057.19,82.67,53.73,153.44,0.8063
0,390.0,406.93,73.42,225.15,0.8041
0,454.37,124.62,68.76,192.8,0.7655
0,830.97,418.66,67.01,209.35,0.7647
0,898.77,428.58,55.81,189.09,0.7558
0,352.87,108.28,55.05,172.54,0.743
0,415.34,34.84,59.97,166.08,0.731
0,796.19,150.71,55.34,170.39,0.6592
0,1578.97,1.07,33.73,93.56,0.6301
0,276.44,124.45,59.18,175.4,0.6298
0,707.28,2.18,51.96,148.2,0.6246
0,1850.27,530.22,57.26,57.06,0.6239
0,872.2,367.39,51.54,79.12,0.6086
0,367.81,799.14,107.14,147.14,0.539
0,735.52,96.0,52.91,168.83,0.5177
0,804.03,104.39,61.66,152.85,0.4649
0,683.77,280.28,51.93,130.77,0.3915
0,511.38,102.38,47.47,167.23,0.3772
0,1221.36,29.32,59.87,115.42,0.3521
0,208.08,146.36,64.93,145.18,0.3078
