0,1019.63,58.58,54.77,154.57,0.8712
0,510.89,943.65,108.45,136.08,0.8698
0,355.77,515.62,91.29,237.93,0.8628
0,1722.6,455.17,73.82,210.84,0.8614
0,444.46,84.7,64.75,182.16,0.8542
0,1627.66,2.84,51.72,163.57,0.8473
0,971.19,919.44,67.51,160.56,0.8423
0,437.8,314.1,71.06,206.34,0.8393
0,1580.22,631.87,87.31,246.36,0.837
0,959.0,44.03,54.9,169.88,0.8344
0,466.81,541.1,62.29,229.27,0.8182
0,1054.83,430.99,67.44,194.58,0.8125
0,1755.41,92.4,59.62,157.11,0.7935
0,510.31,88.92,47.41,167.71,0.789
0,850.79,477.77,67.86,221.4,0.7689
0,1430.02,1.18,50.2,99.03,0.7678
0,545.78,572.75,78.18,241.65,0.7663
0,794.94,152.58,57.19,166.28,0.7492
0,1808.58,455.32,63.95,201.85,0.7485
0,928.41,0.0,48.85,161.82,0.7275
0,1820.15,69.89,70.72,158.48,0.7109
0,914.43,491.69,70.29,202.9,0.7004
0,342.56,84.38,83.34,196.67,0.6769
0,211.51,314.99,52.88,176.12,0.6617
0,289.36,129.47,55.05,168.22,0.6511
0,420.81,70.67,41.75,171.96,0.5434
0,466.97,1028.96,74.27,51.04,0.5406
0,544.74,59.18,39.89,150.02,0.5301
0,704.66,3.85,42.89,122.59,0.5228
0,834.71,0.0,53.04,105.3,0.4963
0,754.16,93.67,47.98,144.49,0.4841
0,1219.63,25.68,63.46,117.7,0.4609
0,262.59,87.43,45.0,177.36,0.4195
0,211.98,105.92,59.1,185.82,0.4164
0,105.83,416.25,49.88,119.8,0.3612
0,1362.06,0.67,17.98,28.0,0.3369
0,684.1,281.25,51.33,127.58,0.3123
