0,513.44,473.28,67.17,216.29,0.8759
0,991.6,74.62,58.83,169.72,0.8718
0,1723.02,457.48,72.73,209.21,0.8657
0,934.39,907.96,67.07,171.04,0.8656
0,360.71,906.09,101.45,172.99,0.8641
0,1451.35,0.93,53.96,136.24,0.8614
0,928.87,37.12,60.04,170.71,0.8599
0,428.02,459.92,77.01,231.56,0.853
0,340.85,582.38,99.82,243.0,0.84
0,1523.31,606.29,80.33,235.6,0.8327
0,1047.88,78.67,47.51,152.16,0.8155
0,237.3,366.43,54.96,183.48,0.7807
0,828.29,435.3,81.34,197.57,0.774
0,1574.68,0.0,56.39,108.31,0.7327
0,452.11,116.87,65.1,190.9,0.7313
0,1711.29,54.76,53.88,156.52,0.7241
0,276.21,132.59,57.96,166.09,0.6963
0,358.73,101.29,60.26,179.79,0.6579
0,794.95,159.71,56.04,160.13,0.6346
0,903.73,443.66,55.65,191.49,0.6208
0,417.16,44.44,56.45,166.78,0.6201
0,732.04,98.54,48.73,167.07,0.591
0,710.05,4.26,48.64,140.67,0.5883
0,393.28,383.29,83.56,133.0,0.5683
0,395.93,820.53,76.44,252.23,0.5091
0,1837.55,517.68,69.17,68.1,0.4927
0,915.39,378.64,52.32,153.36,0.4519
0,1217.56,30.03,64.51,115.52,0.4442
0,861.28,1.9,34.6,74.98,0.4329
0,104.73,417.05,49.21,117.64,0.3816
0,683.71,281.28,51.58,129.24,0.3582
0,781.92,99.28,66.43,86.3,0.3491
0,513.93,101.98,38.9,165.84,0.3414
