0,392.39,491.99,82.38,231.54,0.8866
0,420.07,974.78,104.23,105.2,0.8824
0,952.31,930.12,72.73,149.33,0.8757
0,1546.68,628.31,96.72,235.04,0.8637
0,1739.28,76.49,54.86,151.67,0.8587
0,1723.96,456.78,72.29,210.22,0.853
0,972.88,54.66,55.46,174.39,0.8408
0,1001.01,410.91,59.9,191.89,0.8391
0,1032.34,65.03,52.93,157.31,0.8332
0,923.25,13.94,65.75,165.23,0.8321
0,1431.18,0.0,61.15,110.15,0.8309
0,479.61,576.58,74.81,240.9,0.8102
0,439.51,96.18,74.57,189.18,0.8087
0,224.82,335.11,55.5,181.79,0.8077
0,429.97,342.26,72.6,208.34,0.7968
0,909.13,470.98,64.16,195.14,0.7824
0,844.94,455.66,72.79,217.1,0.7755
0,463.89,891.65,91.76,157.71,0.755
0,361.68,98.64,69.19,181.86,0.7244
0,797.85,152.22,55.81,167.45,0.6995
0,1867.73,62.44,51.02,155.46,0.6648
0,1610.84,0.3,59.74,136.46,0.6337
0,847.89,0.71,38.19,93.11,0.6217
0,710.22,4.9,50.79,137.95,0.5441
0,1390.53,0.0,15.94,31.74,0.4978
0,261.32,76.69,46.01,178.13,0.4884
0,1218.61,27.52,62.4,115.85,0.4866
0,286.91,132.01,57.55,168.42,0.4674
0,328.9,49.31,63.06,158.23,0.4187
0,1362.38,0.35,16.99,28.43,0.3989
0,517.02,72.24,50.34,190.93,0.3938
0,488.53,513.74,65.25,127.75,0.381
0,762.05,89.54,44.57,155.51,0.3682
0,379.68,1.34,39.25,75.31,0.3534
0,207.77,128.58,58.02,166.82,0.3501
0,104.26,408.92,49.79,127.2,0.3191
0,426.79,60.68,62.63,104.83,0.3049
0,684.11,279.46,51.3,128.83,0.3031
