0,1019.21,57.9,54.94,153.83,0.8738
0,513.48,948.86,111.23,130.47,0.8553
0,971.11,918.82,68.82,161.18,0.851
0,352.44,517.08,92.78,241.1,0.8509
0,444.16,83.32,65.16,181.85,0.847
0,1627.42,5.44,52.5,162.22,0.8463
0,1723.13,455.16,73.26,211.04,0.8454
0,1580.95,632.94,86.51,247.01,0.8268
0,439.12,313.04,70.37,207.91,0.825
0,1059.46,432.86,67.24,194.21,0.8248
0,1429.89,1.17,50.02,99.56,0.7901
0,1758.42,93.96,56.81,155.61,0.7892
0,509.59,89.23,47.74,167.69,0.7883
0,958.43,43.87,55.07,169.43,0.7791
0,1807.42,453.81,63.6,205.6,0.7702
0,544.67,571.95,90.9,242.66,0.77
0,466.22,541.55,61.77,229.4,0.7668
0,850.16,478.65,66.6,220.73,0.7544
0,793.08,151.87,58.67,167.97,0.7209
0,1818.41,69.7,62.68,159.92,0.704
0,911.83,495.9,79.38,198.72,0.6996
0,288.65,128.95,55.14,169.17,0.6927
0,928.81,0.0,48.74,159.37,0.6895
0,343.66,86.18,82.3,195.05,0.6586
0,703.33,4.3,41.73,123.38,0.5904
0,421.03,70.28,42.1,171.04,0.5503
0,543.5,58.38,41.28,149.19,0.5384
0,831.96,0.0,55.05,105.67,0.5316
0,476.58,1032.58,39.56,46.99,0.5125
0,262.4,100.24,44.25,156.91,0.486
0,212.02,312.29,52.73,176.97,0.4836
0,1220.6,25.46,62.13,117.99,0.4328
0,683.07,281.07,52.2,127.98,0.3938
0,425.76,0.91,42.49,96.22,0.36
0,1361.53,0.62,18.4,28.15,0.3559
0,754.38,94.34,48.2,141.09,0.3515
0,212.65,106.34,57.33,184.04,0.3471
0,380.72,0.26,41.12,87.26,0.3394
