0,484.83,577.33,118.06,239.29,0.8777
0,955.4,929.67,77.45,150.33,0.8614
0,1723.04,455.14,73.12,211.75,0.8536
0,1028.31,63.43,54.43,160.2,0.8525
0,1751.19,82.19,60.04,158.76,0.8503
0,924.65,3.31,57.95,162.14,0.8411
0,482.78,920.61,81.54,155.06,0.8331
0,382.46,505.05,81.09,241.58,0.8326
0,422.73,332.33,83.54,216.99,0.832
0,1559.2,629.11,94.4,244.36,0.8208
0,1435.69,0.25,46.2,107.01,0.819
0,447.5,88.69,66.77,186.11,0.8048
0,221.8,322.63,52.65,178.55,0.8006
0,965.33,54.56,55.75,169.9,0.7989
0,911.04,482.01,74.84,204.67,0.7977
0,845.42,468.31,69.86,222.52,0.7918
0,471.64,522.76,69.92,220.43,0.7899
0,442.05,1004.13,100.06,74.22,0.7891
0,1024.86,422.54,73.72,192.59,0.7522
0,794.7,151.64,58.96,166.6,0.7508
0,1622.12,0.2,53.37,153.93,0.6773
0,1819.59,471.12,66.49,187.3,0.6628
0,512.72,92.21,46.22,166.6,0.6512
0,845.48,0.0,42.93,99.36,0.6235
0,1853.6,55.6,57.54,161.53,0.6126
0,1217.17,27.34,65.98,115.48,0.6103
0,362.78,96.32,65.78,185.15,0.5935
0,290.63,132.85,55.62,166.33,0.5623
0,262.44,77.6,46.3,178.39,0.5538
0,705.93,6.42,49.88,139.34,0.4714
0,423.17,68.35,41.89,175.22,0.4679
0,760.31,90.17,42.87,148.41,0.4408
0,329.63,51.28,61.72,162.58,0.419
0,105.57,410.71,48.42,124.63,0.4053
0,1391.12,0.31,16.1,30.16,0.3733
0,543.8,57.82,40.29,152.53,0.3216
0,639.28,760.83,41.21,157.02,0.3061
