0,998.1,81.36,57.87,168.37,0.8774
0,1504.31,606.52,91.28,233.07,0.8673
0,931.46,47.46,58.73,171.1,0.859
0,438.96,444.51,65.74,225.33,0.8589
0,1722.85,457.28,73.06,209.7,0.8588
0,1054.61,81.46,50.78,157.01,0.8563
0,345.19,884.84,91.92,192.95,0.8512
0,1451.55,7.67,54.05,141.05,0.8373
0,1699.23,45.95,55.31,156.43,0.8347
0,523.64,469.71,66.26,213.56,0.8303
0,927.89,906.78,74.64,172.44,0.8301
0,318.32,583.75,114.0,241.91,0.8164
0,452.53,119.89,69.55,190.62,0.8014
0,831.79,425.24,64.64,202.12,0.7914
0,355.11,108.2,57.18,172.66,0.7882
0,234.31,374.18,57.64,189.39,0.7845
0,393.58,396.92,69.67,224.37,0.7673
0,894.92,435.87,61.34,194.89,0.7665
0,417.49,42.25,58.5,165.71,0.7443
0,706.6,3.74,52.34,148.7,0.7031
0,276.03,132.87,58.77,167.29,0.6877
0,1580.46,0.42,38.32,101.23,0.6591
0,730.53,96.81,54.78,173.86,0.6514
0,1846.55,526.88,60.46,58.07,0.6383
0,377.68,806.05,101.36,150.76,0.6296
0,1218.67,30.49,63.13,115.47,0.5634
0,797.82,152.62,55.63,167.55,0.5331
0,890.73,374.82,52.29,86.22,0.5109
0,512.74,103.4,43.55,163.41,0.5006
0,865.71,1.39,30.81,76.78,0.4737
0,793.39,103.39,63.19,82.41,0.3856
0,682.3,210.37,65.25,200.74,0.3555
0,209.19,151.46,57.12,141.78,0.3261
