0,523.7,963.33,114.1,116.67,0.8828
0,973.89,915.14,76.45,164.34,0.8761
0,343.18,527.74,92.59,245.68,0.8623
0,1016.96,56.42,52.42,158.71,0.8576
0,1722.11,453.91,75.01,212.24,0.8459
0,459.26,546.09,65.29,223.5,0.8357
0,1073.55,444.43,66.18,192.76,0.8322
0,1631.35,13.01,53.08,163.96,0.8275
0,444.26,77.94,65.24,186.99,0.8178
0,441.01,310.7,71.56,209.4,0.805
0,557.38,572.18,95.46,243.91,0.7993
0,913.16,505.13,69.44,206.14,0.7957
0,957.82,41.96,54.57,173.16,0.7872
0,1805.48,450.8,60.29,209.07,0.7763
0,1431.75,0.98,47.21,95.46,0.7754
0,1767.67,98.02,55.05,158.47,0.7723
0,507.73,87.45,50.12,170.81,0.7695
0,852.42,486.56,65.42,221.53,0.7565
0,790.14,151.78,61.92,166.99,0.7432
0,349.21,88.07,73.69,193.18,0.74
0,1581.42,634.0,92.66,244.92,0.7378
0,1817.43,67.04,54.24,162.31,0.6943
0,700.57,4.83,44.69,119.84,0.6599
0,925.81,0.0,52.12,146.73,0.6252
0,285.97,131.01,58.6,166.1,0.5548
0,1221.26,27.04,61.68,118.39,0.5352
0,422.46,71.87,44.17,174.12,0.5066
0,820.41,0.51,60.37,107.87,0.5022
0,544.04,59.1,42.28,147.45,0.4176
0,754.0,95.07,48.69,116.94,0.3835
0,211.19,105.66,57.14,182.07,0.3822
0,1361.96,0.8,18.9,27.22,0.3402
0,107.05,418.29,49.61,116.54,0.3393
0,260.67,104.03,45.48,163.11,0.3196
0,383.14,0.37,40.12,91.2,0.3144
