0,997.31,80.76,58.12,165.97,0.8739
0,1722.18,457.06,73.57,210.06,0.8582
0,930.53,47.16,60.07,170.34,0.8546
0,347.45,889.9,94.01,188.12,0.8537
0,436.84,443.76,67.65,228.55,0.8532
0,928.82,907.04,73.91,172.28,0.8517
0,1509.39,607.32,88.17,232.63,0.8489
0,521.84,470.38,66.11,218.78,0.8408
0,1700.72,48.71,55.88,153.15,0.8246
0,1052.66,81.05,52.82,159.1,0.8233
0,1450.94,6.0,55.63,140.74,0.821
0,317.59,586.1,115.51,241.68,0.8036
0,453.41,118.71,68.92,192.05,0.7922
0,830.01,426.64,66.36,203.77,0.784
0,234.07,373.84,57.56,189.26,0.7779
0,395.11,393.99,69.84,221.28,0.7703
0,892.35,436.15,66.06,195.14,0.7614
0,356.8,104.33,56.36,174.1,0.7543
0,417.14,43.12,58.39,167.62,0.752
0,708.18,3.11,50.62,147.56,0.7192
0,276.3,132.06,58.1,166.7,0.7099
0,1578.51,0.01,42.16,101.87,0.6846
0,379.5,806.63,98.57,155.12,0.6203
0,796.52,156.76,56.1,162.88,0.6165
0,730.19,96.12,54.56,172.36,0.5758
0,1844.71,526.52,66.82,59.03,0.5281
0,865.38,1.67,30.02,76.25,0.5208
0,894.45,376.06,51.26,80.44,0.5149
0,1219.09,30.29,61.95,115.3,0.4851
0,513.17,100.73,38.32,166.58,0.483
0,683.47,279.18,52.45,131.54,0.4071
0,790.83,101.72,63.72,84.23,0.3797
0,208.9,143.03,57.24,152.0,0.3278
