0,359.13,514.77,89.35,234.24,0.8664
0,508.81,940.11,106.85,139.89,0.8663
0,1020.24,59.08,55.15,154.76,0.8629
0,1722.83,454.49,73.13,212.11,0.8621
0,444.65,85.16,65.44,183.12,0.8595
0,1580.07,629.55,87.41,248.7,0.8513
0,466.44,540.84,64.27,229.81,0.8448
0,1627.43,2.43,51.64,162.22,0.8408
0,437.53,314.65,70.7,206.95,0.8386
0,969.69,920.32,67.44,159.68,0.8268
0,958.62,45.33,55.32,168.76,0.821
0,1430.18,0.94,48.85,98.37,0.8194
0,1754.71,91.63,59.43,158.58,0.8126
0,546.29,573.14,74.76,242.6,0.8055
0,510.49,89.45,48.48,167.12,0.7874
0,849.7,476.61,67.1,220.91,0.7845
0,1052.99,430.48,66.72,187.87,0.7831
0,794.69,152.49,57.22,166.82,0.7596
0,916.19,491.03,72.68,199.97,0.7593
0,209.61,316.25,56.83,174.11,0.7493
0,928.25,0.0,50.8,162.05,0.7128
0,1808.94,456.88,63.93,200.5,0.7082
0,289.99,128.97,54.01,167.29,0.6808
0,1826.68,70.0,64.24,158.03,0.6789
0,345.19,86.93,80.82,194.39,0.6231
0,462.85,1024.08,80.48,55.92,0.5892
0,705.98,4.16,42.86,122.32,0.5802
0,836.3,0.0,50.89,104.26,0.5703
0,420.51,67.7,41.89,173.33,0.5639
0,754.76,93.11,47.08,147.22,0.5084
0,544.22,58.37,40.53,152.63,0.4846
0,1220.41,26.7,62.95,116.89,0.481
0,105.86,414.53,49.53,120.81,0.4572
0,263.09,96.8,44.0,160.83,0.4333
0,211.98,106.56,60.91,185.95,0.4294
0,427.02,1.12,40.97,88.6,0.3783
0,1362.01,0.69,17.75,27.86,0.3313
0,380.55,0.59,41.87,86.6,0.3111
