0,953.42,930.94,77.92,149.06,0.8681
0,924.67,5.36,60.39,160.08,0.8637
0,483.46,578.66,115.91,238.07,0.8575
0,1722.19,454.68,74.51,212.02,0.8567
0,1029.28,64.88,54.41,160.15,0.8547
0,1750.7,79.06,56.85,159.96,0.8511
0,1017.27,418.82,73.58,193.42,0.84
0,384.94,501.3,80.17,239.27,0.8376
0,1545.79,630.42,106.18,241.91,0.8311
0,433.23,997.97,103.54,80.99,0.8252
0,423.79,333.1,81.75,218.31,0.8235
0,968.72,54.29,54.97,169.6,0.8153
0,478.34,914.81,79.77,159.04,0.8068
0,444.91,90.29,70.6,185.25,0.8066
0,844.61,465.13,68.83,222.41,0.7978
0,1436.79,0.0,48.4,108.08,0.7686
0,1619.16,0.0,64.54,151.18,0.7565
0,909.91,480.5,69.92,194.28,0.7485
0,223.67,325.33,50.99,176.29,0.7333
0,796.3,152.0,58.16,166.31,0.7284
0,845.59,0.0,41.33,99.09,0.7275
0,707.63,4.51,49.5,139.33,0.6982
0,475.96,519.5,67.36,220.72,0.6915
0,513.7,92.93,44.52,168.22,0.6449
0,1219.81,27.82,63.41,117.98,0.6288
0,1856.63,56.42,56.11,158.17,0.5821
0,361.77,90.7,66.44,190.57,0.5544
0,1818.62,475.56,73.28,184.37,0.5265
0,260.86,76.03,47.43,193.37,0.521
0,760.05,89.47,44.96,143.26,0.4908
0,289.47,134.05,56.91,165.13,0.4583
0,1391.33,0.31,15.73,30.46,0.4261
0,424.38,65.92,42.35,177.99,0.3962
0,104.58,422.73,49.53,109.88,0.3797
0,329.92,50.88,63.39,164.11,0.3713
0,380.25,1.15,42.5,77.14,0.3487
0,542.26,58.0,41.79,168.98,0.3005
