0,1722.83,457.86,72.9,209.58,0.8583
0,533.71,447.79,65.19,206.77,0.8576
0,1473.48,590.39,108.13,242.31,0.8495
0,312.91,849.34,92.42,229.44,0.8479
0,388.34,417.13,70.55,219.41,0.8409
0,1007.26,85.04,56.65,176.48,0.8407
0,940.02,911.81,58.61,166.94,0.8368
0,457.31,427.56,62.07,228.91,0.8311
0,261.13,577.97,93.5,252.08,0.8283
0,1069.84,84.49,52.26,157.48,0.8231
0,237.3,393.3,55.47,188.04,0.8215
0,935.16,61.2,60.95,172.66,0.815
0,1458.28,19.72,46.91,138.55,0.8121
0,449.69,130.16,76.08,197.06,0.8007
0,279.89,133.01,55.85,166.51,0.7807
0,826.59,403.5,72.23,215.21,0.7803
0,1686.59,41.89,50.17,149.11,0.7689
0,893.59,421.79,64.29,196.81,0.7556
0,795.72,152.33,59.21,166.51,0.7233
0,356.3,774.66,78.2,259.4,0.7225
0,411.93,34.64,54.35,156.15,0.6929
0,349.68,101.38,54.39,180.88,0.6468
0,511.48,103.5,50.33,174.45,0.5363
0,1223.88,30.31,58.52,115.34,0.4532
0,210.91,141.36,55.38,142.78,0.4476
0,840.09,362.33,53.57,73.54,0.4303
0,707.87,1.52,51.79,151.32,0.4279
0,242.44,101.2,47.53,168.88,0.4233
0,1858.93,545.34,50.87,41.71,0.4036
0,866.58,1.55,34.59,66.28,0.3657
0,740.45,100.7,52.84,170.95,0.3399
0,683.48,283.0,51.95,127.76,0.3181
