0,984.89,68.21,56.31,173.9,0.8788
0,1724.01,458.41,72.17,208.75,0.8707
0,506.45,493.04,67.21,224.62,0.8641
0,385.59,584.35,114.65,242.11,0.8515
0,1040.14,75.11,49.07,159.57,0.8473
0,445.8,107.13,76.44,187.46,0.8453
0,927.82,31.09,61.8,168.3,0.8388
0,424.45,847.33,88.23,229.15,0.838
0,399.93,471.38,100.09,223.19,0.8272
0,378.73,927.55,95.37,136.03,0.8173
0,1718.47,63.62,58.71,154.44,0.805
0,942.23,915.67,62.83,163.45,0.8049
0,1443.78,0.0,51.02,129.87,0.7967
0,235.07,355.19,53.75,185.19,0.7945
0,953.38,394.76,53.57,188.3,0.7932
0,1537.97,617.77,76.6,229.02,0.787
0,839.52,439.03,83.35,215.51,0.7635
0,794.97,155.88,57.03,164.55,0.7437
0,356.43,96.04,67.99,181.83,0.7212
0,279.1,131.58,59.85,168.15,0.7047
0,912.3,453.67,53.25,190.58,0.6826
0,408.55,369.18,75.74,141.64,0.6518
0,711.06,5.67,48.39,128.17,0.5398
0,1586.59,0.0,54.8,119.51,0.5328
0,1219.18,28.37,62.8,117.19,0.5216
0,306.02,48.79,64.44,154.1,0.4391
0,518.21,101.73,40.48,161.07,0.4327
0,682.56,283.29,52.99,127.63,0.4305
0,770.53,97.55,53.82,156.49,0.4269
0,105.23,417.7,49.38,118.83,0.4223
0,416.35,49.5,57.42,159.2,0.3852
0,260.61,82.62,55.37,174.03,0.3326
0,721.17,96.18,50.27,170.47,0.3077
