0,252.58,645.46,94.28,254.81,0.8973
0,443.94,211.28,72.16,193.11,0.8807
0,1022.17,922.48,80.36,156.81,0.8781
0,355.33,676.54,76.03,248.18,0.8755
0,1006.04,14.61,51.83,148.34,0.8691
0,884.48,590.1,80.35,236.62,0.8548
0,1714.29,456.17,82.0,210.16,0.8438
0,938.14,0.0,53.85,155.78,0.8323
0,783.58,571.33,72.52,244.8,0.8209
0,1671.77,361.2,61.83,183.32,0.7897
0,447.56,50.17,65.93,170.38,0.7695
0,1749.87,150.07,60.26,168.31,0.7669
0,797.52,150.58,50.94,168.26,0.7636
0,1705.94,101.74,57.98,179.28,0.7577
0,1858.2,389.08,61.33,195.91,0.7553
0,1564.14,612.95,67.37,239.59,0.7183
0,966.83,607.89,74.55,207.55,0.7085
0,283.88,124.38,56.7,167.29,0.6978
0,864.86,0.0,55.49,135.71,0.691
0,353.62,106.43,60.52,174.31,0.6794
0,1511.1,1.51,49.91,94.65,0.6738
0,712.25,87.39,55.0,170.77,0.6216
0,422.31,0.0,46.32,132.53,0.598
0,1370.75,535.86,99.73,194.9,0.5552
0,731.18,1.0,46.18,86.18,0.5512
0,516.9,59.99,40.68,156.34,0.5195
0,360.01,0.0,56.98,124.89,0.5048
0,427.28,120.54,43.44,146.23,0.4699
0,1390.84,0.09,15.62,31.3,0.4458
0,221.07,110.99,58.1,180.08,0.4373
0,754.8,87.37,42.59,154.72,0.4014
0,1778.19,65.03,42.7,89.37,0.393
0,1476.9,2.48,19.29,22.91,0.3928
0,321.67,56.34,58.36,107.08,0.3698
0,107.92,376.47,53.37,161.2,0.3683
0,1219.59,25.56,61.05,116.91,0.3577
0,1363.18,0.51,16.55,26.99,0.305
