0,239.88,677.38,93.39,259.11,0.907
0,811.31,585.08,91.84,243.52,0.8853
0,984.51,635.03,81.31,215.13,0.8684
0,1028.11,921.76,80.57,157.73,0.8639
0,1719.42,458.12,76.55,207.67,0.8632
0,445.42,191.92,68.81,191.19,0.86
0,334.28,708.02,75.35,251.24,0.8511
0,937.15,0.0,52.65,143.01,0.8469
0,1804.54,370.73,92.91,205.17,0.8411
0,1008.23,3.21,51.99,149.4,0.8358
0,902.21,619.98,79.18,238.78,0.7847
0,1509.36,0.96,52.85,107.06,0.7664
0,1538.99,603.68,77.42,248.35,0.7571
0,885.0,1.01,43.73,130.9,0.7514
0,1669.2,52.35,73.47,171.6,0.7424
0,437.07,37.18,70.49,165.36,0.7363
0,516.29,53.75,53.87,192.37,0.7146
0,803.53,145.13,46.47,172.1,0.702
0,357.33,99.51,67.16,179.72,0.6771
0,1733.19,144.83,62.49,184.97,0.6382
0,753.37,97.38,49.42,143.55,0.5532
0,413.94,0.0,44.2,140.54,0.4715
0,326.93,55.57,60.86,160.69,0.4689
0,1729.61,57.38,57.28,158.36,0.4657
0,304.52,126.23,41.2,165.82,0.4349
0,1219.36,27.07,61.55,117.83,0.4005
0,214.67,115.23,64.22,174.9,0.3878
0,708.49,90.01,53.31,151.97,0.3727
0,1650.85,345.85,61.2,169.23,0.3596
0,741.97,1.6,37.0,71.53,0.3366
0,1480.89,562.63,83.16,202.92,0.3229
