0,745.86,561.22,89.89,242.83,0.9046
0,280.23,614.62,97.69,255.52,0.9003
0,446.23,232.87,75.2,195.88,0.8869
0,983.41,930.87,91.67,148.77,0.8791
0,1008.38,24.37,51.76,155.03,0.8738
0,381.12,645.01,72.46,239.97,0.86
0,1722.13,452.27,73.63,213.33,0.8597
0,869.75,560.75,78.67,229.39,0.8409
0,938.86,4.67,61.52,164.56,0.836
0,1673.73,82.11,60.68,169.71,0.7989
0,945.1,578.14,83.5,211.91,0.7971
0,796.22,149.77,56.5,169.02,0.7861
0,843.48,0.22,49.98,134.34,0.7544
0,1572.5,615.25,90.1,238.51,0.7494
0,1862.3,415.2,57.46,171.72,0.7447
0,1796.19,70.28,69.33,170.89,0.7137
0,426.5,103.89,57.7,162.76,0.7087
0,1766.09,137.95,45.94,167.87,0.7078
0,1289.52,511.08,61.7,200.21,0.7061
0,278.25,124.2,60.89,167.53,0.6735
0,343.04,90.02,65.67,189.1,0.6702
0,720.91,1.22,47.02,105.66,0.6271
0,455.76,57.84,67.42,185.73,0.6229
0,913.37,0.0,34.13,96.66,0.6017
0,272.64,69.56,63.43,100.14,0.5765
0,1521.64,2.74,39.52,85.54,0.5439
0,1472.45,1.03,28.91,46.59,0.535
0,106.56,419.95,49.33,118.37,0.442
0,425.22,0.0,41.32,115.36,0.3786
0,756.79,86.38,38.1,155.65,0.3705
0,1389.9,0.61,16.01,29.17,0.3565
0,1713.37,383.04,57.86,94.29,0.3374
0,324.56,56.51,44.91,65.56,0.3276
0,717.96,90.59,58.01,224.51,0.32
0,1361.7,0.47,19.28,26.94,0.3034
