0,335.44,695.87,76.39,246.71,0.8916
0,244.06,669.57,95.7,264.43,0.8768
0,1028.94,920.38,80.13,159.05,0.8631
0,1714.58,458.88,81.63,206.76,0.8614
0,936.64,0.0,53.36,154.71,0.861
0,804.07,585.06,77.01,246.78,0.8588
0,1009.07,5.84,50.83,146.97,0.8545
0,447.28,196.6,62.89,190.34,0.8312
0,980.27,627.72,78.29,215.5,0.8209
0,892.76,605.54,77.84,237.35,0.8207
0,1540.19,612.27,77.35,240.69,0.7977
0,870.46,1.04,56.76,134.97,0.7974
0,1508.96,0.82,52.61,104.42,0.7958
0,442.2,43.11,65.81,169.2,0.7844
0,1455.22,546.35,60.41,202.11,0.7512
0,1690.73,55.2,69.74,168.62,0.7255
0,805.07,148.8,43.92,168.42,0.7039
0,1734.68,156.07,60.75,170.19,0.7017
0,353.1,101.04,67.66,180.81,0.7014
0,1835.46,383.32,70.85,196.36,0.6715
0,1657.38,354.61,61.25,194.87,0.6518
0,286.37,125.62,58.72,166.29,0.5553
0,417.47,0.0,43.44,145.69,0.5504
0,518.69,60.01,51.72,160.14,0.5388
0,750.7,95.34,57.29,141.74,0.4191
0,709.66,89.29,52.82,157.43,0.4156
0,218.04,105.38,60.65,188.02,0.38
0,1218.13,26.48,62.84,118.25,0.3537
0,82.15,282.92,89.66,252.34,0.3155
0,740.13,2.23,39.35,70.84,0.3011
