0,260.3,642.19,92.67,259.43,0.8794
0,1018.61,924.72,81.49,154.34,0.8779
0,356.77,670.65,78.27,242.4,0.8758
0,1006.16,16.47,52.75,147.3,0.8653
0,445.96,214.38,71.28,192.47,0.8643
0,779.39,572.16,66.32,247.2,0.8523
0,1720.23,456.03,75.27,210.09,0.8427
0,887.72,583.19,77.17,237.91,0.8253
0,937.76,0.0,56.11,157.0,0.8051
0,1854.39,392.49,65.1,194.46,0.8011
0,1699.33,104.09,62.35,176.15,0.7649
0,796.25,150.12,52.96,166.48,0.7615
0,966.63,604.09,74.6,213.62,0.7351
0,449.93,51.83,64.71,170.14,0.7262
0,1752.28,150.52,56.38,168.06,0.7114
0,1677.35,367.76,61.31,177.45,0.7042
0,1568.51,616.75,65.32,235.43,0.6865
0,282.79,124.69,57.86,166.51,0.6826
0,1512.65,1.38,47.56,95.45,0.6709
0,730.51,1.73,43.76,87.52,0.6544
0,346.88,97.09,65.49,184.01,0.6385
0,864.33,0.0,41.61,139.28,0.6292
0,421.58,0.0,47.71,115.86,0.5682
0,711.17,86.99,59.16,227.63,0.5589
0,362.56,0.0,50.85,126.8,0.5127
0,512.96,59.17,54.74,157.2,0.4975
0,1372.72,529.83,61.7,199.11,0.4405
0,218.01,101.48,63.02,185.82,0.4268
0,1217.98,25.32,62.57,117.58,0.4229
0,108.01,420.01,51.08,117.94,0.412
0,429.06,115.94,45.79,161.4,0.3638
0,1390.55,0.37,15.95,31.11,0.3548
0,637.21,758.99,44.61,159.53,0.3222
0,1747.35,64.72,58.56,104.44,0.3089
0,274.69,71.85,62.26,98.75,0.3012
