0,288.22,591.99,87.19,238.82,0.9133
0,402.05,622.05,72.87,239.57,0.8759
0,446.75,248.28,82.11,199.66,0.8725
0,1004.39,34.24,51.69,152.86,0.8704
0,977.76,929.67,80.5,150.33,0.8542
0,1722.07,451.99,74.07,214.24,0.8506
0,1659.92,64.14,73.26,173.75,0.8318
0,948.34,15.64,53.68,169.18,0.8061
0,861.27,544.06,90.58,234.42,0.7897
0,931.69,558.36,77.87,207.48,0.7839
0,280.2,124.2,60.66,168.47,0.77
0,461.44,63.74,72.14,190.74,0.7532
0,1579.3,614.63,102.79,242.65,0.7494
0,707.89,556.1,89.16,236.18,0.7443
0,789.75,151.38,62.99,167.18,0.7394
0,352.44,104.45,59.08,173.82,0.7194
0,422.88,98.61,50.36,167.12,0.6942
0,831.62,0.06,50.5,133.23,0.6815
0,1840.04,74.33,58.71,166.39,0.6698
0,714.09,0.14,51.59,112.05,0.6425
0,1221.99,491.2,81.59,206.04,0.6003
0,427.78,0.05,45.97,106.39,0.5575
0,1468.04,1.23,27.1,60.29,0.533
0,1771.85,86.34,54.1,202.07,0.514
0,1530.44,1.89,29.48,76.29,0.498
0,379.35,0.51,35.46,115.24,0.4877
0,1810.1,71.64,48.51,165.8,0.3787
0,1390.03,0.57,16.76,29.57,0.3618
0,220.98,123.17,54.18,168.91,0.3582
0,1362.18,0.37,18.84,27.13,0.3294
