0,807.94,590.49,98.06,251.41,0.9151
0,227.29,695.95,89.22,260.65,0.8888
0,1027.29,925.4,75.1,153.85,0.8786
0,325.25,726.96,75.18,252.52,0.8667
0,452.76,178.29,66.9,186.64,0.8594
0,1709.85,458.38,85.35,207.37,0.8496
0,1719.09,176.5,67.43,161.1,0.8483
0,1002.69,0.0,51.83,146.05,0.8465
0,1787.44,363.48,87.14,200.64,0.8449
0,909.61,630.11,83.26,240.67,0.8396
0,935.97,0.75,53.64,143.96,0.8315
0,993.19,655.67,76.11,221.78,0.7699
0,1657.69,44.24,59.46,168.18,0.7695
0,510.78,78.42,62.07,173.99,0.7546
0,804.26,142.59,45.85,176.2,0.7267
0,1533.49,596.06,82.76,239.15,0.7208
0,1504.9,1.27,56.93,113.82,0.707
0,437.01,32.92,67.31,192.9,0.6768
0,355.26,93.64,69.24,186.7,0.6367
0,1777.82,150.36,61.44,173.8,0.6269
0,1712.85,54.3,54.76,160.23,0.6003
0,753.63,99.1,51.11,142.7,0.5208
0,887.56,0.55,39.41,134.27,0.5185
0,1641.81,337.97,60.02,195.66,0.4828
0,329.78,53.47,62.57,160.55,0.4606
0,711.37,89.66,48.74,165.26,0.4542
0,411.55,3.67,49.01,151.63,0.4516
0,73.09,279.87,104.36,247.56,0.3788
0,1223.3,28.4,57.61,81.65,0.3471
0,208.15,83.65,94.69,206.62,0.3191
