0,806.8,592.99,88.43,249.77,0.896
0,319.07,734.07,77.23,247.09,0.8815
0,218.43,702.95,93.5,259.1,0.8773
0,448.75,173.79,69.73,189.56,0.8728
0,1025.43,930.16,74.52,149.56,0.868
0,914.39,636.18,79.95,232.37,0.8541
0,1690.78,458.42,104.36,207.79,0.8483
0,1724.53,176.45,64.81,160.89,0.8316
0,1790.02,361.34,80.94,202.44,0.8289
0,934.84,1.47,53.94,142.25,0.8195
0,1000.79,0.0,55.52,144.98,0.78
0,885.25,0.35,42.48,135.32,0.776
0,994.31,658.16,74.6,216.16,0.7744
0,1533.27,597.37,84.47,236.21,0.7554
0,1651.92,41.95,57.6,171.14,0.746
0,807.53,141.76,44.44,176.08,0.7384
0,507.38,76.18,64.54,178.56,0.6951
0,1638.57,336.24,58.79,200.88,0.6929
0,439.54,30.08,65.76,161.96,0.6777
0,1705.47,51.97,55.82,162.13,0.6686
0,357.81,92.93,68.55,187.12,0.6682
0,1504.13,0.39,56.76,116.1,0.6169
0,1784.08,151.37,61.71,171.55,0.574
0,753.26,98.54,50.73,145.88,0.5098
0,330.27,53.9,60.51,158.35,0.4859
0,422.3,146.69,47.25,181.73,0.4504
0,409.95,6.05,48.62,146.64,0.4429
0,710.28,89.89,49.99,162.83,0.4092
0,1218.25,26.57,62.32,118.88,0.3926
0,134.27,365.83,44.79,165.31,0.3393
0,256.35,75.85,59.71,185.15,0.3219
