0,306.06,569.91,85.2,245.36,0.8745
0,426.15,596.02,66.13,235.35,0.8704
0,1722.38,456.72,73.64,209.11,0.8634
0,987.67,915.94,71.47,164.06,0.8538
0,1450.85,0.46,51.47,69.32,0.8387
0,1647.39,49.52,54.74,165.23,0.8318
0,452.72,267.22,75.3,202.76,0.83
0,821.81,0.97,61.92,121.94,0.8265
0,467.42,68.95,69.57,185.98,0.8225
0,791.25,150.01,61.85,168.48,0.8136
0,857.34,523.7,75.55,224.22,0.8122
0,933.95,540.02,69.2,204.02,0.8058
0,1004.51,40.2,55.63,157.35,0.8041
0,946.2,22.07,59.56,164.25,0.7798
0,1170.72,481.85,78.34,199.36,0.7783
0,424.34,91.09,48.09,172.93,0.7755
0,354.11,100.26,54.17,181.84,0.7002
0,1595.78,617.5,84.57,250.03,0.6317
0,1768.68,59.58,72.47,223.43,0.6283
0,714.47,0.0,51.34,133.47,0.5991
0,212.5,134.8,62.02,171.04,0.5477
0,549.08,63.33,62.57,156.63,0.5068
0,424.91,1.16,47.99,108.2,0.5038
0,284.49,130.04,52.99,162.3,0.4998
0,1218.72,30.22,63.69,112.42,0.4955
0,379.23,1.6,40.32,111.68,0.487
0,1804.04,60.44,50.81,176.72,0.4159
0,1390.77,0.47,16.35,30.13,0.3645
0,263.83,76.06,54.75,88.38,0.3602
0,321.41,56.04,49.76,113.44,0.3449
0,107.58,411.21,46.72,123.38,0.3238
0,1762.08,415.41,51.94,212.97,0.3133
0,1362.04,0.31,18.88,27.23,0.3071
