0,304.39,577.53,82.56,248.48,0.8782
0,985.47,919.24,71.76,160.2,0.8679
0,1649.72,49.28,59.03,166.3,0.8663
0,1721.88,454.52,74.04,211.61,0.8593
0,421.43,600.43,69.38,228.94,0.8527
0,821.03,0.75,63.97,129.26,0.8313
0,856.68,526.39,78.77,228.71,0.8299
0,468.12,68.98,68.08,185.43,0.8226
0,789.08,149.66,62.36,168.34,0.8218
0,453.37,265.46,76.17,203.53,0.818
0,1003.79,37.07,55.59,150.3,0.8179
0,933.94,547.1,71.86,214.61,0.817
0,423.71,92.3,49.94,171.49,0.7952
0,949.48,18.64,55.37,165.63,0.7507
0,1457.46,1.57,41.26,62.12,0.7349
0,1178.73,484.06,79.4,205.97,0.6783
0,351.39,86.07,57.23,195.31,0.6549
0,1591.53,615.25,87.61,248.65,0.6484
0,715.96,0.47,51.88,148.01,0.6109
0,211.0,132.91,62.31,169.03,0.5497
0,375.22,1.12,44.58,113.68,0.5419
0,422.95,0.5,49.6,108.29,0.5274
0,282.71,129.76,59.66,162.16,0.5006
0,548.81,65.02,62.64,154.15,0.4962
0,107.1,414.65,47.27,119.69,0.4716
0,1219.12,30.35,63.28,112.02,0.4483
0,1533.6,1.42,27.31,77.36,0.4413
0,916.98,0.07,51.29,110.81,0.4109
0,1389.9,0.42,17.1,29.74,0.3853
0,1362.21,0.16,19.34,27.71,0.3848
0,697.85,558.36,56.49,225.31,0.3846
0,1767.54,58.79,86.79,231.35,0.3831
0,684.01,280.13,51.72,127.38,0.3591
0,263.73,73.09,55.55,200.35,0.319
0,684.73,212.38,57.42,119.02,0.3093
