0,288.91,594.67,86.74,240.19,0.9108
0,400.02,623.13,73.32,238.56,0.8863
0,446.36,247.07,82.8,201.68,0.8716
0,1005.01,33.82,51.23,152.14,0.867
0,1722.13,450.49,74.07,215.29,0.8562
0,977.43,930.08,82.37,149.92,0.8484
0,945.64,14.69,56.08,169.19,0.8394
0,1660.99,65.91,72.74,172.2,0.8354
0,860.39,545.22,96.56,233.17,0.8254
0,935.69,560.5,73.48,205.87,0.8163
0,1224.27,493.0,93.02,209.29,0.7834
0,280.36,123.89,60.51,168.05,0.7694
0,709.43,556.61,89.86,236.05,0.7603
0,1578.94,613.51,103.33,243.55,0.7465
0,789.35,151.3,63.57,167.96,0.7173
0,833.65,0.0,48.11,134.19,0.6995
0,459.85,63.39,71.29,192.61,0.6832
0,1842.72,74.13,51.68,166.6,0.6783
0,353.85,106.48,58.02,172.16,0.6652
0,423.11,99.44,51.58,167.53,0.6156
0,714.31,0.3,50.97,112.15,0.5961
0,1469.31,1.35,26.0,58.11,0.4912
0,378.81,0.27,35.2,114.76,0.4472
0,1809.8,69.0,47.36,169.4,0.4452
0,427.61,0.59,45.45,105.56,0.4316
0,1390.04,0.59,16.55,30.1,0.3815
0,1770.85,75.6,58.78,212.89,0.3799
0,1885.87,431.34,33.89,157.82,0.37
0,1728.82,401.55,64.31,93.02,0.3694
0,204.74,97.21,82.3,332.56,0.3685
0,914.94,1.18,39.12,97.85,0.3554
0,1361.9,0.36,19.05,27.32,0.3076
