0,252.06,647.74,90.11,251.92,0.8942
0,349.88,678.84,78.6,245.02,0.8845
0,443.36,210.35,72.12,193.91,0.879
0,1024.75,921.71,79.26,157.81,0.8721
0,1006.82,14.71,51.09,152.55,0.8657
0,1713.35,456.16,82.03,209.89,0.8421
0,937.15,0.0,53.38,156.01,0.8356
0,888.04,595.72,78.45,240.16,0.8258
0,786.69,573.41,80.93,245.37,0.8209
0,970.9,610.06,72.44,208.33,0.8063
0,1668.17,360.79,60.9,188.15,0.784
0,444.5,48.71,68.88,176.78,0.7787
0,799.33,150.71,48.86,167.96,0.7576
0,1558.25,614.16,70.47,239.21,0.7549
0,865.05,0.0,61.63,135.78,0.7495
0,1748.06,150.71,59.17,167.52,0.7274
0,353.4,105.32,61.97,173.73,0.7153
0,283.65,124.59,58.45,167.78,0.7026
0,1851.06,386.75,68.73,201.55,0.6937
0,1511.36,0.74,49.19,94.66,0.6906
0,1709.66,100.57,58.02,180.28,0.6553
0,421.58,0.63,46.14,136.08,0.6298
0,732.75,1.12,44.67,86.62,0.5519
0,1372.18,541.3,97.75,188.21,0.5432
0,361.07,0.0,53.67,125.63,0.4998
0,217.87,107.88,62.1,179.28,0.4958
0,426.8,124.51,42.92,147.04,0.4928
0,714.24,87.45,52.23,173.17,0.4863
0,519.65,67.37,50.21,152.73,0.4491
0,1775.19,63.74,42.43,93.67,0.4034
0,1218.27,26.02,62.07,116.9,0.3954
0,321.74,56.32,57.62,162.88,0.3848
0,103.93,381.48,57.75,156.32,0.3584
0,753.87,88.99,45.39,150.9,0.3508
0,1390.24,0.18,16.38,30.9,0.3499
