0,337.01,688.12,80.51,243.65,0.8988
0,800.25,582.16,76.98,240.97,0.8914
0,1029.85,920.78,77.04,158.82,0.8796
0,937.25,0.0,53.08,154.03,0.8732
0,245.68,662.25,95.07,259.89,0.8711
0,893.92,601.18,77.16,232.35,0.8618
0,1008.9,9.52,49.45,152.99,0.8602
0,1715.82,457.14,80.2,208.54,0.8537
0,439.74,203.26,71.16,196.79,0.8355
0,976.02,624.65,77.77,220.29,0.8048
0,1509.31,0.65,51.1,100.99,0.7973
0,444.4,44.45,65.69,169.41,0.7571
0,869.94,0.67,51.21,134.89,0.7515
0,1542.69,613.36,76.92,240.28,0.7474
0,801.91,148.86,46.56,166.57,0.7395
0,1733.71,123.17,63.86,197.68,0.7366
0,357.1,104.59,62.63,176.13,0.7007
0,1661.27,358.5,61.18,190.29,0.6603
0,1441.82,545.56,56.2,151.08,0.6506
0,284.01,124.9,59.18,167.64,0.6145
0,428.09,131.56,41.04,138.31,0.5705
0,1837.15,387.09,78.79,198.37,0.5671
0,418.77,0.21,45.29,141.03,0.5559
0,738.14,1.98,40.47,73.25,0.5388
0,322.64,55.99,61.1,164.31,0.4553
0,750.46,92.89,56.11,147.67,0.4528
0,519.45,59.11,47.19,157.61,0.406
0,220.89,116.31,58.35,172.94,0.3976
0,1707.38,55.27,53.92,227.55,0.3864
0,107.65,411.12,55.32,126.42,0.3836
0,710.22,88.91,51.42,157.94,0.3434
0,1230.29,28.81,49.91,79.88,0.3179
