0,808.41,589.16,99.8,252.53,0.9098
0,229.23,692.19,90.36,258.65,0.8922
0,1027.98,924.8,75.96,154.73,0.8798
0,329.05,720.3,74.6,247.06,0.8727
0,1715.6,457.23,80.47,208.88,0.8565
0,1787.41,364.05,93.21,207.46,0.8512
0,451.55,182.14,67.24,193.85,0.8423
0,936.32,0.26,53.37,142.5,0.8341
0,992.47,651.38,76.15,195.61,0.8261
0,907.51,628.31,85.67,236.1,0.8255
0,1717.16,173.93,68.17,162.93,0.8242
0,1003.8,0.0,51.89,148.66,0.8139
0,1644.25,339.4,60.08,194.66,0.8015
0,1661.98,45.72,57.02,171.23,0.7951
0,1504.51,0.78,57.16,112.4,0.7762
0,512.29,79.53,60.85,174.47,0.7691
0,804.36,143.52,44.96,174.8,0.7448
0,437.03,31.7,68.22,161.87,0.6558
0,1717.11,55.67,48.84,153.67,0.6512
0,351.62,90.88,72.52,188.56,0.6297
0,708.71,89.72,51.6,162.68,0.5662
0,1535.82,590.47,79.55,249.13,0.5533
0,1774.06,150.53,61.52,173.16,0.5145
0,889.64,0.44,37.11,133.62,0.4929
0,753.93,97.77,50.97,146.33,0.4499
0,412.81,2.39,48.9,150.94,0.4449
0,1224.95,26.93,55.86,83.44,0.3286
