0,299.41,585.1,82.83,250.42,0.8784
0,980.93,925.98,74.69,154.02,0.8703
0,414.37,610.55,70.01,233.33,0.8595
0,1721.76,452.19,74.12,213.74,0.842
0,1003.23,35.17,53.4,153.31,0.8397
0,1651.72,53.41,70.09,170.37,0.838
0,456.41,259.45,73.67,201.29,0.8317
0,465.63,67.45,71.74,186.66,0.8249
0,931.78,550.13,71.9,216.46,0.8167
0,820.15,0.41,64.4,133.23,0.8107
0,789.94,149.89,63.43,168.73,0.8095
0,853.55,534.92,86.14,231.3,0.8084
0,1206.47,487.87,61.95,203.99,0.7913
0,949.38,16.39,53.95,168.47,0.7883
0,422.7,93.41,51.33,169.15,0.7466
0,282.38,126.18,59.99,167.16,0.7371
0,1583.67,613.25,96.92,247.02,0.7179
0,1466.28,2.17,28.99,60.74,0.669
0,702.85,560.34,73.08,232.73,0.6456
0,1768.24,112.71,55.72,177.89,0.6308
0,1862.74,65.97,56.9,165.69,0.6296
0,350.12,89.78,59.76,191.16,0.6263
0,212.59,115.05,76.21,185.67,0.5264
0,1807.66,71.5,50.27,167.54,0.5117
0,426.7,0.09,46.63,108.66,0.5067
0,716.09,0.9,51.41,148.89,0.5047
0,87.94,420.77,67.5,115.66,0.4803
0,378.12,0.51,40.13,113.56,0.4785
0,201.96,294.96,51.53,153.68,0.393
0,1389.32,0.44,17.52,29.14,0.388
0,548.86,63.98,61.78,157.02,0.3725
0,1533.1,2.73,28.94,76.09,0.3139
