0,980.58,927.51,75.15,152.42,0.8733
0,296.69,587.23,82.34,249.05,0.869
0,408.79,611.22,74.2,235.61,0.8569
0,1652.75,54.48,71.02,170.51,0.8535
0,455.93,257.38,73.78,197.77,0.8508
0,1722.12,451.13,73.57,214.41,0.8446
0,933.83,551.01,69.8,215.69,0.8348
0,1003.51,35.02,53.03,152.68,0.8206
0,948.8,16.07,54.54,168.22,0.8205
0,855.18,537.13,82.78,233.02,0.8066
0,463.04,66.27,73.22,186.93,0.8047
0,789.67,150.01,62.94,168.24,0.7917
0,818.22,0.35,66.52,134.24,0.7896
0,1209.98,488.7,61.6,202.71,0.7688
0,282.45,124.52,59.21,167.48,0.7245
0,422.71,93.51,51.26,169.09,0.7244
0,703.04,561.16,87.33,229.97,0.6963
0,1580.97,616.61,100.78,243.26,0.6847
0,1466.04,2.08,29.87,60.87,0.6687
0,1852.54,68.9,66.41,163.08,0.6621
0,1770.06,116.47,54.09,174.66,0.6398
0,347.36,88.88,62.92,192.13,0.6182
0,212.74,112.05,78.26,187.36,0.555
0,426.85,0.22,45.8,107.72,0.4514
0,1808.65,69.47,47.98,168.86,0.4287
0,377.95,0.49,40.85,113.04,0.4233
0,1390.12,0.45,16.79,29.29,0.4136
0,716.08,0.68,50.5,127.24,0.4047
0,104.81,421.4,50.89,116.1,0.398
0,203.54,294.49,50.96,154.51,0.3839
0,1532.15,2.85,27.71,76.64,0.3793
0,1362.1,0.35,19.13,27.06,0.3389
0,1219.32,27.92,63.36,116.88,0.3309
