0,254.19,644.03,94.14,256.29,0.8883
0,355.78,673.5,77.05,248.56,0.8789
0,1021.44,922.65,80.29,156.81,0.8771
0,444.15,212.31,72.11,191.98,0.8755
0,1005.98,15.3,52.74,147.9,0.8593
0,885.86,588.02,78.65,238.22,0.845
0,1714.12,455.59,82.04,210.68,0.8412
0,937.81,0.0,55.35,156.55,0.8227
0,781.84,571.71,71.25,245.31,0.8153
0,1857.28,388.5,62.23,196.53,0.7895
0,966.16,607.17,75.1,210.6,0.7772
0,1705.12,102.95,57.62,180.14,0.7628
0,795.9,149.85,52.43,168.0,0.7576
0,448.39,50.4,65.71,169.82,0.7445
0,1674.35,362.66,60.09,183.14,0.7423
0,1750.2,150.56,58.33,169.73,0.7282
0,865.22,0.0,50.72,136.63,0.682
0,352.52,106.02,61.12,174.59,0.6613
0,283.71,124.34,57.3,167.8,0.6599
0,1562.4,614.24,69.53,238.23,0.6574
0,1511.77,1.47,49.04,94.2,0.6537
0,730.99,1.4,44.11,87.48,0.5972
0,710.18,86.95,56.69,169.27,0.5899
0,422.53,0.0,46.19,124.96,0.5599
0,753.47,83.58,44.6,160.23,0.5008
0,515.42,61.72,40.36,154.61,0.4959
0,1364.54,534.28,79.31,179.68,0.4861
0,1218.56,25.5,61.62,117.06,0.4705
0,360.28,0.0,54.6,125.5,0.4498
0,425.54,118.84,41.27,151.96,0.4353
0,321.88,57.27,56.25,106.33,0.3637
0,1390.86,0.29,15.75,31.87,0.3297
0,1782.01,64.86,41.87,101.6,0.3076
0,1362.88,0.45,17.66,26.67,0.3051
