0,273.2,634.12,86.84,257.33,0.8885
0,368.26,658.45,73.78,235.06,0.8862
0,1007.13,926.48,82.22,152.98,0.8764
0,447.34,224.36,73.6,200.73,0.8688
0,762.46,569.92,77.72,249.29,0.864
0,1006.92,18.89,53.15,148.7,0.8576
0,1691.83,91.51,66.17,175.0,0.8429
0,1719.44,456.44,76.25,209.47,0.8364
0,1846.62,404.56,73.16,181.91,0.834
0,881.8,575.36,79.5,230.62,0.8208
0,937.37,2.94,59.24,159.19,0.8175
0,961.38,597.82,76.7,218.38,0.8164
0,795.34,149.98,56.59,167.35,0.7557
0,280.87,124.22,58.9,167.85,0.749
0,1748.67,146.62,61.62,167.74,0.7372
0,1353.91,528.29,53.45,183.05,0.7322
0,451.85,55.14,62.73,178.36,0.7264
0,346.04,86.41,62.76,192.25,0.6637
0,1515.36,2.36,45.12,89.47,0.6537
0,849.21,0.28,46.97,136.55,0.6437
0,368.62,0.07,45.14,124.93,0.5928
0,216.39,101.84,64.52,178.0,0.5808
0,1681.91,376.55,69.5,174.72,0.5513
0,507.69,57.67,39.15,165.4,0.5449
0,1569.82,612.7,73.33,238.82,0.5432
0,726.16,0.41,44.88,91.22,0.541
0,714.27,88.68,54.74,173.9,0.5319
0,272.41,70.56,63.76,102.07,0.5146
0,418.69,0.0,53.26,123.86,0.5105
0,760.95,86.97,38.0,155.65,0.3993
0,1752.49,66.95,51.59,106.3,0.36
0,1389.25,0.0,17.16,30.75,0.3538
0,1362.76,0.19,18.03,26.75,0.3091
