0,236.11,680.69,90.42,254.6,0.9191
0,808.83,586.33,101.43,245.2,0.9009
0,333.81,710.47,75.94,247.88,0.8812
0,1028.6,922.45,79.27,157.21,0.8691
0,1793.48,365.85,94.81,206.24,0.8626
0,1720.6,457.6,75.68,208.4,0.8555
0,445.16,190.52,72.74,192.14,0.839
0,1006.74,2.26,52.16,146.08,0.8096
0,1508.92,1.0,53.44,106.77,0.795
0,434.74,34.63,73.46,185.76,0.7666
0,903.98,623.7,82.47,240.45,0.7554
0,1666.19,48.39,66.27,177.08,0.7543
0,1649.57,342.36,60.14,194.55,0.739
0,518.13,63.75,52.37,188.03,0.7242
0,987.51,641.3,78.65,212.02,0.7203
0,803.28,143.5,46.43,176.82,0.7071
0,1727.77,164.8,57.14,166.95,0.6961
0,888.25,1.12,44.62,133.93,0.6799
0,936.99,0.5,52.85,143.9,0.675
0,1538.0,604.55,78.72,244.77,0.6242
0,348.14,81.39,77.0,198.65,0.5739
0,754.08,96.41,49.19,147.03,0.5099
0,710.09,89.93,47.13,163.84,0.4872
0,412.88,0.25,44.08,140.48,0.479
0,1492.89,563.69,79.57,201.6,0.4291
0,209.73,117.39,70.94,172.12,0.4074
0,1727.45,57.13,49.4,143.88,0.375
0,71.61,278.55,100.75,250.45,0.316
0,326.79,54.55,60.95,205.28,0.3151
0,304.83,123.92,42.64,166.91,0.3054
0,1221.11,27.89,60.16,114.38,0.3012
