0,267.5,640.37,88.11,258.54,0.8755
0,447.25,218.34,71.39,195.59,0.8737
0,1013.49,924.85,82.46,154.04,0.8703
0,1006.52,17.0,53.88,147.85,0.8637
0,362.35,665.75,75.13,243.75,0.8612
0,1851.0,395.58,68.46,190.88,0.8422
0,1720.23,455.28,75.63,210.86,0.8385
0,775.4,570.79,63.6,247.17,0.8338
0,1695.9,98.74,66.91,174.58,0.8199
0,937.55,0.31,57.35,156.55,0.8132
0,882.32,578.4,83.93,238.67,0.802
0,956.1,601.47,83.13,217.0,0.7908
0,795.56,150.33,54.47,166.8,0.7762
0,1750.68,150.21,54.81,169.0,0.7449
0,281.28,123.85,58.55,167.71,0.7353
0,447.79,53.32,67.11,174.96,0.7115
0,1359.8,526.45,60.71,200.61,0.6942
0,862.31,0.0,36.8,138.49,0.6694
0,727.84,1.11,45.23,87.17,0.6634
0,1570.74,615.28,62.17,236.42,0.659
0,349.46,98.13,60.97,180.86,0.6491
0,715.04,87.87,53.69,184.12,0.6096
0,422.18,0.0,48.67,117.32,0.5907
0,212.55,100.68,70.41,182.28,0.5554
0,364.85,0.33,49.24,129.43,0.5438
0,511.21,57.75,55.04,161.11,0.5181
0,1679.64,368.85,63.58,177.34,0.486
0,274.0,69.59,62.88,100.96,0.4265
0,105.62,418.99,53.24,119.52,0.3895
0,1513.83,1.96,46.49,89.69,0.3784
0,1390.78,0.02,15.53,30.96,0.3166
0,237.27,259.99,51.48,153.4,0.3044
