0,289.51,590.57,86.33,245.97,0.8926
0,1004.17,34.45,51.91,154.25,0.8779
0,403.29,620.82,72.6,240.04,0.872
0,449.94,249.45,78.93,200.32,0.8595
0,978.55,928.32,80.41,151.68,0.8441
0,1722.73,451.78,73.07,214.29,0.8426
0,1657.92,63.55,74.22,172.82,0.8322
0,934.57,555.99,71.84,208.62,0.8154
0,858.04,543.61,92.57,233.51,0.8113
0,1223.64,492.4,70.16,203.24,0.8029
0,950.63,15.96,51.27,168.51,0.7908
0,463.88,64.66,68.16,189.65,0.785
0,1841.7,74.41,68.58,166.68,0.7692
0,279.74,123.92,60.98,167.64,0.7691
0,707.18,561.01,92.32,231.34,0.7598
0,785.22,150.37,66.85,168.42,0.7508
0,422.83,92.22,51.87,172.21,0.7498
0,828.52,0.0,53.42,134.52,0.7228
0,1596.39,614.4,85.88,243.0,0.7135
0,346.4,86.55,65.05,192.72,0.6941
0,714.46,0.5,50.43,113.84,0.6467
0,1467.44,1.34,28.94,60.71,0.5924
0,1531.36,1.93,29.02,77.45,0.5532
0,427.07,0.31,46.58,107.33,0.5414
0,1771.93,89.45,52.63,198.3,0.4779
0,379.81,0.76,34.59,113.94,0.4635
0,1809.94,73.58,46.43,161.83,0.4394
0,1389.95,0.55,16.91,28.89,0.4265
0,220.66,119.41,60.9,173.87,0.4175
0,209.58,289.46,47.95,145.88,0.383
0,914.99,1.17,42.98,101.64,0.3423
0,1732.66,401.81,60.78,91.81,0.3306
0,98.03,380.47,57.86,157.86,0.3275
0,1361.93,0.27,18.81,27.39,0.3096
