0,339.43,680.4,83.64,242.3,0.8965
0,249.86,652.66,90.5,251.86,0.8911
0,1028.35,921.41,76.77,158.27,0.8752
0,793.51,576.11,84.61,243.41,0.8704
0,1007.4,13.65,50.8,154.63,0.8582
0,435.16,208.93,77.54,194.53,0.8495
0,937.52,0.0,52.2,156.91,0.8358
0,1714.26,457.08,82.38,208.74,0.8284
0,972.93,615.38,76.23,216.41,0.7854
0,892.85,600.62,77.3,237.06,0.7779
0,1509.18,0.53,51.5,97.01,0.7726
0,1664.41,359.4,61.73,190.36,0.7578
0,800.69,150.23,47.55,164.67,0.755
0,445.4,45.37,66.45,176.34,0.7343
0,1742.25,149.17,58.53,170.04,0.7235
0,1551.23,613.71,73.84,239.89,0.7068
0,355.16,106.88,61.98,173.81,0.7001
0,866.92,0.06,59.11,135.47,0.6855
0,284.82,125.68,57.15,166.75,0.6503
0,1837.95,389.31,81.71,193.33,0.6201
0,421.05,1.11,45.98,139.12,0.5633
0,425.99,129.48,43.28,144.24,0.5626
0,1715.47,109.13,60.19,172.6,0.5498
0,1419.86,546.63,56.19,148.06,0.533
0,360.94,0.0,50.74,122.29,0.4437
0,711.04,89.2,53.03,177.08,0.4121
0,519.29,63.66,41.06,152.94,0.4118
0,1718.77,59.94,43.72,77.22,0.3959
0,736.28,2.21,37.51,72.67,0.3928
0,1217.64,25.91,63.19,117.74,0.3889
0,322.06,56.03,59.4,166.96,0.3504
