0,211.75,738.04,91.1,271.36,0.8871
0,816.76,607.01,77.94,247.29,0.8583
0,298.01,769.85,76.13,260.01,0.8443
0,1733.78,191.27,68.82,172.02,0.8364
0,1025.9,937.43,77.42,142.34,0.8319
0,1729.27,460.33,67.62,204.85,0.8293
0,1625.89,29.01,59.84,172.51,0.8263
0,932.11,0.7,52.23,130.59,0.8184
0,1001.91,0.6,49.01,129.59,0.8147
0,924.45,675.88,81.28,246.79,0.813
0,1020.47,691.11,73.48,219.0,0.7991
0,1536.5,605.4,94.56,229.29,0.7657
0,877.02,0.8,48.67,124.42,0.7545
0,803.59,142.31,55.64,174.28,0.7531
0,1624.58,318.47,58.25,195.33,0.7505
0,1822.59,177.44,83.54,184.63,0.7422
0,408.77,169.99,53.82,178.99,0.73
0,1758.48,345.59,63.17,206.87,0.7286
0,464.24,152.99,65.23,185.92,0.7243
0,1495.8,0.61,53.69,125.57,0.7157
0,1685.92,37.62,56.73,166.41,0.7098
0,450.52,13.52,62.06,169.95,0.6729
0,310.46,179.06,53.22,169.37,0.661
0,1633.47,597.73,94.44,215.66,0.6481
0,356.06,89.09,68.62,190.51,0.642
0,286.41,122.72,52.34,168.22,0.5944
0,140.86,333.78,64.91,186.97,0.5663
0,506.08,87.43,66.77,175.86,0.535
0,222.57,101.21,62.43,187.67,0.4649
0,403.93,16.78,45.22,160.91,0.4565
0,753.04,103.04,52.19,138.74,0.4481
0,1218.04,27.14,62.11,116.0,0.3756
