0,215.33,717.84,92.09,267.32,0.9073
0,302.84,749.55,80.86,247.07,0.8832
0,796.98,600.02,93.3,250.46,0.8807
0,1023.33,936.3,76.4,143.29,0.854
0,999.78,0.0,50.9,140.73,0.8483
0,1732.07,181.25,64.93,170.93,0.8477
0,1497.25,0.95,56.15,116.8,0.8437
0,1780.07,347.61,64.59,205.4,0.8322
0,1672.66,458.98,123.51,208.46,0.8243
0,459.21,165.49,59.25,189.39,0.8218
0,918.03,655.76,78.85,241.0,0.8137
0,1638.03,33.53,58.36,170.01,0.8133
0,931.24,0.0,54.02,131.24,0.7966
0,1006.02,676.03,68.31,218.7,0.7887
0,1694.79,35.86,59.91,170.91,0.7857
0,408.11,155.45,58.02,180.43,0.7794
0,1538.79,603.91,85.85,228.63,0.7787
0,1632.33,322.83,57.04,192.35,0.7757
0,872.61,0.69,53.12,127.64,0.7575
0,806.59,142.38,47.8,174.85,0.7306
0,1610.37,579.24,70.57,212.26,0.647
0,357.93,85.75,70.92,193.83,0.6433
0,447.51,20.34,66.62,173.12,0.6031
0,504.05,82.01,56.32,176.46,0.5953
0,410.15,8.97,41.85,145.06,0.5309
0,135.92,362.41,57.62,160.9,0.51
0,1799.27,167.54,99.48,174.94,0.4896
0,288.75,123.56,60.98,232.35,0.4867
0,324.63,54.73,53.17,107.17,0.4055
0,753.27,100.23,51.2,144.87,0.4017
0,1217.95,28.5,62.06,115.71,0.3896
0,213.31,105.81,67.77,185.91,0.3436
0,712.61,89.64,50.74,166.08,0.3405
