0,251.26,651.66,91.19,248.0,0.8977
0,345.23,679.07,81.26,246.44,0.8835
0,1027.47,921.62,77.22,158.14,0.8714
0,439.37,209.09,74.45,194.99,0.8673
0,1006.7,14.22,51.53,154.97,0.8621
0,790.73,575.47,85.84,242.92,0.8536
0,937.04,0.0,52.76,156.17,0.8376
0,970.89,612.52,73.27,212.01,0.8279
0,1712.89,455.46,83.19,210.24,0.8256
0,890.37,599.5,78.79,237.26,0.7939
0,444.7,46.17,68.16,177.81,0.7841
0,1665.66,359.09,61.99,193.16,0.7601
0,799.62,149.9,47.72,166.7,0.7551
0,1549.71,614.09,76.07,238.96,0.7536
0,866.88,0.0,59.28,135.57,0.7506
0,1510.15,0.78,50.57,97.09,0.7426
0,1838.41,387.8,81.29,197.5,0.6889
0,351.85,105.84,64.8,174.05,0.6808
0,284.65,124.97,56.4,166.52,0.6799
0,1745.04,150.88,56.73,168.66,0.6616
0,1713.11,108.36,57.26,173.26,0.6206
0,421.03,0.48,46.04,137.96,0.6151
0,1413.69,544.09,56.01,144.76,0.5545
0,1217.23,27.13,63.45,115.09,0.4748
0,220.62,102.35,62.24,185.47,0.4705
0,427.57,129.63,40.68,142.79,0.4573
0,519.3,62.95,43.03,155.65,0.4311
0,709.81,88.62,54.2,178.98,0.4307
0,321.14,56.03,61.21,166.1,0.4074
0,752.12,89.86,51.19,151.99,0.4004
0,1721.99,60.75,41.89,71.14,0.3733
0,735.73,1.76,38.47,81.32,0.3697
0,360.76,0.0,52.05,124.96,0.3662
