0,280.75,612.99,98.05,256.68,0.9065
0,743.94,561.15,86.65,240.6,0.9004
0,445.52,236.54,76.38,195.03,0.8757
0,982.08,931.22,89.38,148.43,0.8721
0,1008.42,24.91,51.94,152.68,0.8699
0,381.93,639.75,74.89,243.05,0.8652
0,1723.44,453.33,72.49,211.88,0.8536
0,939.86,5.29,60.88,163.49,0.8469
0,869.16,558.39,78.58,227.99,0.8366
0,945.34,577.47,81.21,211.76,0.8021
0,1672.49,80.7,60.14,169.04,0.7957
0,795.17,149.78,57.91,169.43,0.7857
0,842.45,0.0,51.14,135.04,0.77
0,1287.38,510.76,59.42,198.72,0.7334
0,1572.68,620.04,97.2,234.03,0.7292
0,1803.66,69.62,63.47,173.17,0.7052
0,426.36,104.02,57.26,162.34,0.7046
0,1765.91,138.45,46.19,164.74,0.7043
0,278.49,124.5,62.2,169.61,0.6571
0,456.6,58.03,67.14,188.58,0.6369
0,349.33,100.04,59.87,179.07,0.6344
0,720.64,1.02,47.2,107.88,0.6171
0,273.32,68.19,64.6,100.65,0.5606
0,207.37,99.69,78.37,325.8,0.5212
0,1522.71,2.48,39.06,86.24,0.5171
0,1471.42,1.06,29.2,47.15,0.4611
0,913.9,0.38,33.67,98.26,0.4559
0,754.99,86.77,40.32,154.82,0.4
0,1866.3,415.5,53.48,175.0,0.3747
0,107.16,418.28,48.1,119.33,0.3737
0,1389.79,0.73,16.26,29.49,0.3519
0,1362.14,0.62,18.52,26.24,0.3212
0,636.95,758.89,45.16,158.93,0.3082
0,325.48,55.69,43.61,65.47,0.3033
