0,304.39,574.96,83.47,247.45,0.8748
0,1648.64,49.18,56.96,166.23,0.8632
0,986.65,919.02,70.78,160.54,0.8571
0,1721.64,453.92,74.16,211.56,0.8533
0,424.0,598.71,67.35,230.47,0.8481
0,452.91,266.32,76.06,203.71,0.8239
0,857.82,525.59,79.35,224.77,0.8217
0,1175.7,483.82,79.94,203.62,0.8184
0,467.83,68.96,68.74,186.17,0.8171
0,1004.21,37.91,54.38,151.25,0.816
0,934.62,543.55,69.97,202.65,0.8036
0,791.05,149.7,61.64,168.15,0.7938
0,1455.33,1.15,48.51,64.5,0.7838
0,423.56,92.93,49.49,170.98,0.7792
0,820.96,1.09,63.37,126.7,0.7595
0,949.25,19.9,54.61,165.22,0.7021
0,352.33,88.16,56.0,193.12,0.6384
0,1768.3,111.5,59.03,177.45,0.6049
0,1592.05,615.76,86.01,249.26,0.5749
0,715.16,0.0,51.74,148.82,0.5344
0,210.37,131.93,64.09,172.13,0.5291
0,548.5,64.5,63.4,156.87,0.5273
0,377.87,0.98,42.03,114.37,0.5125
0,422.63,0.8,50.42,109.56,0.4905
0,282.75,128.82,52.63,163.82,0.4202
0,1534.15,1.77,27.45,77.63,0.3972
0,1217.77,29.41,64.59,112.74,0.381
0,1804.22,65.45,53.03,172.57,0.3687
0,683.68,280.0,51.99,127.78,0.3312
0,1390.45,0.43,16.71,29.31,0.3171
0,1362.03,0.34,18.78,27.16,0.3166
