0,301.19,886.06,96.18,192.48,0.8965
0,244.48,955.1,84.47,124.6,0.8753
0,1646.93,247.83,80.96,194.72,0.8353
0,1145.16,856.3,85.71,221.78,0.8258
0,1723.5,456.28,73.58,211.44,0.8208
0,218.68,274.03,62.9,188.36,0.8107
0,1481.3,4.68,57.46,137.26,0.8044
0,1058.46,845.72,116.09,233.65,0.8027
0,370.81,254.51,65.81,195.7,0.8014
0,1645.43,0.62,54.37,119.97,0.7936
0,1002.44,929.15,61.62,150.48,0.7871
0,1853.55,263.82,63.87,177.47,0.7644
0,1570.9,592.39,104.23,233.16,0.7503
0,804.21,155.37,64.59,162.77,0.7108
0,162.83,252.89,55.57,203.48,0.6893
0,877.45,0.99,41.6,99.0,0.6889
0,352.21,98.2,62.84,186.0,0.663
0,821.2,61.62,50.94,120.45,0.6274
0,479.36,61.27,53.75,169.45,0.6006
0,285.78,109.88,57.29,182.69,0.5926
0,753.61,80.25,51.45,138.53,0.5595
0,1573.54,0.77,41.79,115.7,0.5144
0,702.69,568.75,59.19,243.54,0.5011
0,930.73,1.44,41.02,69.05,0.444
0,428.66,79.18,46.17,154.3,0.4401
0,462.86,128.78,52.22,141.72,0.4127
0,211.09,127.96,54.95,159.31,0.3973
0,1217.47,27.68,64.9,115.54,0.3727
0,1577.13,233.13,39.82,91.45,0.3307
0,290.95,17.46,60.3,123.02,0.3197
0,976.71,1.4,50.0,70.02,0.3002
