0,202.5,813.59,84.13,258.89,0.8691
0,778.37,599.55,88.33,249.36,0.8618
0,1782.53,227.37,59.4,173.51,0.8601
0,1713.97,457.7,82.02,208.06,0.8466
0,1666.87,287.45,83.96,195.44,0.8338
0,255.88,862.28,79.69,216.53,0.8215
0,387.12,212.83,58.57,184.9,0.8175
0,1489.2,1.77,55.69,134.83,0.8108
0,1658.93,0.83,54.44,158.85,0.808
0,176.63,307.21,64.53,190.36,0.8078
0,782.01,83.44,69.51,233.44,0.7977
0,981.85,756.12,90.39,239.41,0.7899
0,874.86,1.03,50.81,108.33,0.776
0,451.41,105.51,66.61,182.07,0.7718
0,519.86,104.64,63.22,172.92,0.7241
0,989.75,0.86,52.48,103.29,0.7106
0,934.71,0.56,45.68,95.45,0.7087
0,1022.25,938.52,83.61,141.35,0.7033
0,1060.42,775.44,87.0,231.18,0.668
0,1596.01,2.3,57.94,144.29,0.6122
0,135.75,277.24,56.58,207.13,0.5613
0,1892.6,274.19,27.19,155.86,0.5597
0,451.08,0.0,62.11,133.97,0.5516
0,1603.0,587.88,54.97,233.67,0.5407
0,754.05,85.08,42.17,149.21,0.4973
0,361.12,90.19,54.47,188.8,0.4858
0,213.62,112.86,72.55,176.97,0.4505
0,407.9,39.94,51.9,157.58,0.4472
0,285.63,119.5,53.0,171.55,0.4336
0,1217.73,29.05,62.0,114.17,0.3584
0,683.98,219.52,81.18,109.96,0.3071
