0,245.49,905.67,80.94,173.13,0.8741
0,1724.11,457.4,73.31,209.81,0.8437
0,374.15,235.75,66.12,186.48,0.8353
0,1653.96,0.0,57.0,142.45,0.8273
0,1661.64,269.76,74.32,193.23,0.8181
0,737.01,591.41,78.02,244.18,0.8024
0,1482.65,4.27,56.53,139.61,0.7997
0,269.38,843.7,83.15,233.95,0.7823
0,198.75,284.62,63.64,194.96,0.7766
0,876.62,0.79,44.45,106.2,0.7735
0,985.76,0.51,48.5,89.57,0.7648
0,1821.97,242.92,59.51,179.69,0.7625
0,931.79,0.69,43.83,82.19,0.7572
0,1104.03,812.51,88.12,207.96,0.7396
0,1589.54,593.0,82.84,230.84,0.7354
0,465.07,87.16,62.34,174.3,0.7283
0,135.5,263.16,70.75,207.12,0.7267
0,1576.68,1.49,62.18,133.8,0.6753
0,793.09,72.55,69.47,246.54,0.6713
0,1022.73,797.3,90.33,234.61,0.6507
0,357.79,92.4,60.43,167.54,0.6267
0,990.97,929.99,102.07,149.14,0.6256
0,754.69,81.03,50.84,140.2,0.6027
0,284.77,124.12,54.91,166.95,0.4586
0,216.6,110.18,56.6,176.56,0.4506
0,1217.31,27.28,62.6,116.36,0.3942
0,307.34,34.41,49.65,108.93,0.3151
0,684.28,218.67,75.56,111.27,0.3129
0,420.25,52.69,49.85,115.15,0.3075
