0,194.28,774.77,91.98,266.51,0.8686
0,158.4,323.83,66.2,191.72,0.8672
0,272.39,806.6,82.44,257.98,0.8525
0,1044.35,926.56,71.89,153.42,0.8502
0,1673.97,21.14,53.89,164.78,0.8463
0,1610.22,11.88,58.12,167.22,0.8245
0,826.42,610.63,68.11,250.1,0.8099
0,1715.7,455.27,67.38,208.78,0.8047
0,785.22,144.63,59.39,170.8,0.7947
0,945.78,709.48,86.03,258.53,0.7943
0,456.41,133.23,68.93,182.64,0.7942
0,1736.13,628.86,67.82,210.07,0.7932
0,1490.14,0.26,54.68,133.74,0.7821
0,1605.37,299.08,57.39,193.33,0.7782
0,1760.42,206.05,52.03,169.58,0.7763
0,1573.38,602.96,63.17,232.89,0.7762
0,993.66,1.58,53.14,117.53,0.7582
0,1854.7,213.03,64.01,178.38,0.7411
0,1040.18,728.85,68.25,223.13,0.7382
0,383.46,187.04,67.2,182.31,0.7322
0,1704.66,320.21,86.73,182.4,0.7265
0,513.11,97.34,60.34,173.15,0.7233
0,936.97,1.93,49.25,117.08,0.7057
0,886.95,1.35,47.56,116.52,0.6876
0,454.44,1.81,64.44,167.28,0.6541
0,736.86,91.03,64.26,163.15,0.6316
0,214.61,99.32,77.33,191.94,0.5324
0,398.96,27.88,52.13,150.36,0.4967
0,285.64,126.09,54.96,165.74,0.4825
0,1217.79,29.25,63.7,115.13,0.3491
0,347.34,118.92,81.46,216.62,0.3475
