0,190.08,800.44,88.7,271.71,0.886
0,261.74,840.43,78.87,235.35,0.8778
0,798.27,602.06,76.77,247.92,0.8615
0,1716.11,457.41,80.36,208.52,0.8493
0,1769.18,223.42,71.38,173.2,0.8433
0,1484.57,0.06,57.03,134.36,0.8306
0,1695.22,301.04,62.17,185.08,0.812
0,1019.72,935.27,87.85,144.73,0.8095
0,1662.45,5.0,55.01,159.51,0.7929
0,388.08,201.68,62.33,185.19,0.7828
0,169.94,312.83,64.56,185.35,0.7782
0,775.71,144.52,61.57,171.61,0.7734
0,465.81,110.47,57.58,180.89,0.772
0,1062.75,763.64,74.85,233.12,0.7431
0,520.52,104.1,56.66,174.39,0.7378
0,1599.71,1.02,56.79,163.45,0.7372
0,969.25,744.73,87.08,249.6,0.708
0,994.8,1.09,49.25,105.85,0.6631
0,933.41,0.48,46.17,104.69,0.6479
0,452.58,0.0,60.39,148.49,0.6174
0,882.25,0.62,52.12,113.12,0.6113
0,1586.26,592.75,63.59,234.96,0.6099
0,284.18,123.02,58.26,168.12,0.5695
0,1885.46,238.42,34.3,193.81,0.5497
0,356.69,92.42,64.61,189.24,0.4506
0,136.8,282.1,44.36,203.48,0.4256
0,401.82,38.06,52.11,159.1,0.3644
0,1595.47,282.04,44.44,155.18,0.3484
0,215.57,111.6,72.44,179.56,0.3482
0,1217.53,30.47,62.15,111.61,0.3464
