0,195.04,773.93,93.37,269.04,0.8692
0,156.97,324.74,66.43,191.23,0.8653
0,272.7,805.55,83.41,265.05,0.8453
0,1043.01,927.62,74.58,152.38,0.8448
0,1490.82,0.43,54.79,132.99,0.8359
0,1674.42,22.2,54.84,164.03,0.8258
0,1611.29,13.79,57.2,163.25,0.8243
0,827.17,610.62,67.64,250.39,0.8215
0,1714.37,454.58,74.39,208.33,0.8164
0,943.45,710.84,86.69,252.25,0.8147
0,1606.98,300.81,56.62,191.03,0.7978
0,454.59,133.13,73.05,186.75,0.7907
0,783.86,145.29,60.71,169.73,0.7762
0,1733.25,627.57,66.65,209.93,0.7715
0,1759.35,205.82,51.8,172.91,0.7631
0,1854.1,211.16,63.35,185.64,0.7631
0,1556.56,602.27,79.44,233.99,0.7527
0,937.4,2.04,48.25,116.16,0.7485
0,1704.22,325.54,91.53,165.94,0.7262
0,993.74,1.71,53.87,116.47,0.7207
0,885.98,1.06,49.89,116.89,0.6942
0,1036.09,725.13,70.95,221.61,0.693
0,454.44,2.74,63.14,170.74,0.6695
0,512.41,96.99,60.5,171.53,0.6683
0,387.73,190.28,62.69,178.35,0.6384
0,215.13,98.22,77.01,192.81,0.5859
0,739.73,92.3,61.02,161.69,0.5753
0,285.03,125.71,54.71,166.84,0.4962
0,398.64,27.65,52.29,150.65,0.4938
0,345.48,116.42,86.56,217.32,0.4734
0,1218.54,30.05,62.54,113.23,0.3172
