0,247.52,907.72,82.0,170.45,0.8908
0,374.69,235.76,65.56,191.09,0.842
0,274.48,846.94,93.57,229.46,0.8321
0,1719.9,458.26,77.26,209.41,0.831
0,1651.21,0.0,58.06,141.68,0.8218
0,1482.47,4.06,56.9,138.9,0.8131
0,1665.62,269.08,67.3,189.21,0.8126
0,730.19,589.93,80.87,248.12,0.7851
0,470.01,84.08,56.5,172.93,0.782
0,200.49,290.11,62.79,188.96,0.7698
0,1823.66,245.65,63.83,175.04,0.7672
0,876.9,0.77,44.21,101.77,0.7584
0,931.08,1.09,44.15,81.57,0.7368
0,1584.03,593.31,88.45,229.64,0.7309
0,1104.94,817.36,90.1,240.36,0.7101
0,791.7,71.28,74.5,247.3,0.7016
0,136.34,264.12,72.3,206.42,0.6981
0,1579.26,1.25,53.78,133.36,0.6952
0,983.52,929.9,104.75,149.76,0.6806
0,1023.78,801.73,105.01,248.62,0.6508
0,355.74,94.96,62.99,167.21,0.6457
0,754.68,80.29,49.61,140.8,0.6383
0,986.19,0.59,48.37,84.1,0.6005
0,213.29,109.46,60.51,180.04,0.531
0,285.08,123.94,55.11,167.09,0.436
0,419.73,54.31,60.73,188.2,0.3965
0,1216.71,28.12,63.23,114.71,0.3914
0,617.2,69.08,37.15,74.5,0.3563
0,545.59,85.49,72.35,192.93,0.3526
