0,190.61,788.16,96.91,276.89,0.8982
0,265.65,825.69,82.9,250.95,0.8495
0,1043.7,927.3,70.8,152.7,0.8354
0,1768.35,212.4,59.78,171.55,0.8338
0,956.66,721.82,84.85,249.44,0.8314
0,1716.61,457.32,78.82,208.01,0.8299
0,1669.08,14.62,57.6,158.98,0.8289
0,1485.19,0.0,55.27,135.31,0.8245
0,1608.87,2.05,57.35,164.89,0.817
0,826.41,607.18,65.98,255.23,0.8158
0,995.49,1.43,48.97,114.57,0.806
0,1708.3,306.67,71.74,186.31,0.8017
0,465.4,121.89,59.89,183.61,0.8009
0,384.03,194.61,64.17,182.6,0.7867
0,162.52,321.67,66.13,192.11,0.7853
0,776.77,145.14,58.95,170.4,0.7757
0,1045.28,743.16,77.74,193.25,0.7393
0,453.81,0.42,65.95,155.69,0.738
0,1866.71,220.61,53.07,192.88,0.7015
0,885.67,2.31,52.32,110.4,0.6964
0,935.05,2.03,44.88,105.66,0.6757
0,518.44,101.34,55.1,174.4,0.6679
0,1576.26,603.6,64.93,231.9,0.6279
0,399.51,29.35,50.97,159.91,0.5984
0,1760.24,649.15,75.97,214.12,0.553
0,283.94,125.29,54.47,166.16,0.4797
0,746.58,89.68,54.64,168.37,0.4126
0,359.53,110.0,63.21,215.67,0.3926
0,1217.63,29.29,63.41,114.66,0.3605
0,586.73,61.13,34.68,116.03,0.3352
0,208.75,112.42,83.15,175.42,0.3245
0,109.02,310.32,73.78,187.87,0.3173
0,1292.29,2.4,85.18,217.53,0.307
