0,197.78,769.66,92.2,272.58,0.8694
0,155.39,325.03,67.21,191.57,0.8645
0,1042.87,929.69,75.37,150.21,0.8487
0,275.96,803.32,82.28,261.14,0.8294
0,828.42,611.2,67.43,249.7,0.8286
0,1491.57,0.18,56.29,133.18,0.8215
0,1675.23,24.47,56.17,163.13,0.8179
0,1611.76,15.04,57.9,164.1,0.8081
0,1755.81,204.71,51.3,172.51,0.7771
0,1849.12,207.74,65.85,187.87,0.7726
0,787.14,144.13,57.16,172.09,0.7696
0,452.02,135.56,76.8,187.79,0.768
0,1717.73,454.92,67.98,206.32,0.762
0,940.05,706.71,113.71,255.01,0.757
0,1028.68,721.23,78.53,213.58,0.7531
0,1713.04,625.81,76.96,212.86,0.7403
0,994.29,1.79,54.82,116.09,0.7286
0,1609.87,303.68,56.03,188.56,0.7233
0,935.76,2.47,50.46,116.22,0.681
0,392.68,189.65,58.97,180.39,0.6679
0,885.48,1.38,48.42,116.35,0.6632
0,455.23,3.11,59.36,172.11,0.6367
0,1701.72,345.23,94.86,131.72,0.616
0,1556.47,605.15,81.29,229.87,0.6126
0,285.16,126.78,55.47,167.28,0.602
0,215.19,102.67,77.2,188.97,0.5356
0,340.76,182.26,45.69,153.02,0.4692
0,399.52,26.18,50.57,133.67,0.4678
0,512.88,95.74,55.17,172.78,0.4622
0,1218.23,29.07,62.6,115.05,0.387
0,354.54,105.79,80.07,214.78,0.3565
