0,762.38,599.15,100.36,251.07,0.8701
0,1712.4,458.11,84.27,207.62,0.8374
0,253.29,867.72,79.49,211.04,0.8352
0,386.2,214.38,59.34,192.13,0.8328
0,785.09,83.16,66.14,233.99,0.8168
0,1658.89,0.43,52.41,157.52,0.8161
0,873.8,1.07,49.98,106.51,0.8109
0,1490.01,1.83,56.78,135.14,0.8082
0,1025.55,938.8,78.98,141.2,0.8064
0,210.47,817.0,78.11,258.25,0.8018
0,1789.63,230.56,54.93,173.21,0.7971
0,1659.86,288.92,89.24,193.34,0.7836
0,180.39,304.93,64.86,188.83,0.7714
0,443.21,102.85,73.21,180.37,0.7657
0,1067.51,779.18,82.24,229.29,0.7626
0,987.91,0.77,48.83,96.5,0.7457
0,935.53,0.45,45.48,94.01,0.7426
0,526.0,106.26,58.5,173.37,0.7136
0,753.56,84.5,44.98,152.31,0.6743
0,989.02,763.41,86.67,228.96,0.6666
0,133.34,272.61,63.59,212.32,0.652
0,360.54,65.75,56.33,213.81,0.6372
0,1608.03,585.47,58.0,239.99,0.6255
0,452.27,0.0,59.78,133.88,0.5857
0,1591.28,1.07,58.9,143.37,0.572
0,284.7,121.59,53.65,169.38,0.5669
0,1216.56,29.97,64.25,113.14,0.5306
0,409.81,42.45,52.62,146.32,0.4503
0,217.12,112.62,61.6,177.01,0.4272
0,1898.66,281.02,21.09,147.58,0.3839
0,1873.74,680.88,44.05,157.61,0.3767
