0,759.29,598.53,102.88,250.57,0.8744
0,1714.18,457.19,82.12,208.25,0.8384
0,384.67,217.25,57.91,189.72,0.8317
0,1659.46,0.66,50.22,156.26,0.8295
0,1490.98,2.55,56.12,135.65,0.8107
0,1023.72,938.68,80.66,141.32,0.8103
0,872.39,0.96,51.91,107.66,0.7975
0,1657.71,289.28,91.31,190.18,0.7914
0,449.22,100.19,66.72,180.88,0.787
0,240.44,871.26,89.96,207.57,0.7751
0,1791.34,234.41,62.23,170.97,0.775
0,185.32,300.95,63.53,193.51,0.7619
0,785.82,85.46,65.16,231.78,0.7558
0,992.39,767.24,87.02,223.46,0.6947
0,215.55,821.12,76.3,253.02,0.6887
0,987.4,0.88,48.64,92.34,0.6825
0,936.1,0.42,45.31,93.08,0.6794
0,133.56,270.5,62.81,211.4,0.6719
0,1069.95,784.5,86.19,233.54,0.6694
0,529.85,108.22,56.39,174.16,0.6636
0,1592.96,1.16,57.43,144.87,0.6476
0,752.79,83.68,46.26,149.65,0.6386
0,1609.34,584.74,54.99,241.56,0.6231
0,285.04,123.86,54.76,167.01,0.5958
0,359.71,83.78,58.26,190.02,0.5935
0,453.71,0.0,59.07,127.62,0.5079
0,217.36,111.54,61.94,179.63,0.4439
0,1878.24,684.74,41.51,154.14,0.4144
0,1215.05,28.6,65.08,114.5,0.398
0,410.56,44.33,51.62,143.75,0.3785
