0,310.39,915.33,103.87,163.4,0.8766
0,1659.91,228.81,64.99,187.72,0.8645
0,1713.28,448.91,84.76,216.25,0.8632
0,251.52,984.73,84.99,94.7,0.8624
0,363.03,271.82,66.31,192.55,0.8415
0,1629.82,1.31,56.54,113.63,0.811
0,484.77,53.66,57.61,202.26,0.81
0,1481.99,4.83,57.48,137.78,0.7976
0,1000.53,939.75,59.02,140.07,0.7778
0,168.03,247.27,57.82,205.7,0.7743
0,429.51,66.33,52.68,168.27,0.7721
0,1878.04,276.62,41.69,180.26,0.7554
0,1068.06,865.36,88.18,214.64,0.7523
0,1155.72,878.36,98.65,200.74,0.7457
0,354.97,109.21,58.88,182.94,0.7303
0,1570.95,592.84,104.35,233.15,0.7093
0,283.34,117.19,59.5,175.51,0.6881
0,805.6,149.48,57.9,168.3,0.6042
0,753.22,79.16,49.07,140.5,0.524
0,212.69,135.24,54.55,152.53,0.4799
0,869.74,1.77,51.63,88.79,0.4471
0,290.03,15.12,52.04,110.93,0.4307
0,1217.76,28.07,62.39,116.97,0.3934
0,232.19,267.81,60.54,180.12,0.3569
0,1563.73,217.23,43.0,63.03,0.3086
