0,296.3,875.3,103.56,202.81,0.9022
0,247.54,942.68,82.47,136.69,0.8894
0,1649.93,248.96,74.78,191.79,0.8521
0,378.61,247.52,64.03,190.46,0.8402
0,1718.35,459.78,79.27,209.89,0.8259
0,704.01,576.44,85.5,252.46,0.8248
0,1005.31,924.99,75.07,155.01,0.8171
0,210.69,279.77,61.59,182.1,0.8147
0,1481.12,4.54,57.25,137.6,0.8073
0,1047.22,826.27,86.48,249.25,0.7886
0,1648.21,0.25,52.82,131.26,0.7822
0,1843.89,253.93,66.9,176.63,0.7643
0,1571.8,590.96,103.56,234.95,0.7412
0,1133.16,840.02,87.26,235.08,0.7332
0,1576.01,1.52,44.56,122.75,0.6776
0,875.74,1.08,46.48,97.65,0.6748
0,807.95,66.02,65.35,251.51,0.6684
0,468.08,70.48,59.74,181.3,0.6683
0,422.42,61.32,48.24,164.27,0.636
0,352.86,103.02,63.24,169.28,0.6235
0,754.75,79.93,52.86,139.97,0.6181
0,927.64,1.13,42.96,81.75,0.5936
0,285.88,101.6,59.26,191.87,0.5308
0,294.56,23.9,57.13,120.71,0.4895
0,148.83,262.27,64.36,202.03,0.4783
0,981.28,1.4,55.71,79.4,0.3827
0,1217.47,28.61,63.34,115.78,0.3756
