0,246.9,906.74,81.19,172.04,0.8889
0,1721.35,459.08,76.14,208.05,0.8407
0,375.52,236.72,65.36,189.72,0.8316
0,1652.54,0.0,57.57,141.96,0.8205
0,732.01,590.61,81.12,245.41,0.8183
0,1663.12,269.13,70.88,189.56,0.8124
0,1482.72,4.16,56.78,139.29,0.8018
0,269.78,844.66,87.0,232.76,0.8001
0,1823.85,244.99,57.87,176.71,0.7884
0,466.24,85.78,60.41,172.98,0.7768
0,199.73,288.13,63.18,191.48,0.7732
0,877.2,0.74,44.21,104.86,0.7556
0,1105.34,814.98,87.53,222.04,0.7546
0,931.1,0.84,44.14,81.66,0.754
0,136.12,262.94,71.81,207.75,0.7361
0,1026.57,799.54,100.83,252.13,0.7352
0,1583.88,593.2,89.93,231.95,0.7233
0,986.06,0.65,47.8,88.29,0.7162
0,1578.62,1.4,57.72,132.36,0.6828
0,790.77,73.47,73.21,245.59,0.6732
0,984.83,930.45,103.38,149.08,0.6672
0,357.3,93.59,60.75,168.97,0.6474
0,755.24,81.24,49.89,143.28,0.6033
0,425.03,55.48,59.26,230.81,0.5067
0,216.3,109.84,56.77,175.83,0.4997
0,284.99,122.8,55.88,168.13,0.4553
0,1216.98,29.28,63.01,113.53,0.4549
0,616.32,69.08,37.95,76.34,0.318
0,684.14,218.96,74.02,109.77,0.3098
0,307.41,34.79,49.46,107.87,0.3008
