0,192.66,779.48,92.73,264.65,0.8964
0,269.44,812.18,82.38,257.23,0.86
0,161.25,322.4,64.82,193.85,0.8523
0,1610.05,6.6,57.12,168.1,0.8486
0,1044.04,926.54,72.39,153.01,0.844
0,1672.69,17.61,55.17,156.54,0.844
0,1488.26,0.0,53.76,135.12,0.835
0,1716.99,456.84,66.28,209.82,0.8348
0,1745.43,635.11,70.82,219.62,0.8166
0,1765.69,206.86,53.62,172.51,0.8089
0,827.33,609.86,65.07,251.97,0.8037
0,993.16,1.51,51.77,116.2,0.7995
0,1709.29,312.67,80.5,181.01,0.7921
0,384.41,187.39,65.26,182.91,0.7902
0,952.36,717.83,83.29,253.46,0.7893
0,465.36,127.83,59.75,177.52,0.778
0,781.5,145.52,61.39,168.98,0.769
0,1576.14,602.5,60.28,232.22,0.7597
0,1599.91,293.17,57.67,186.57,0.7393
0,454.41,0.58,68.06,159.32,0.734
0,513.87,98.88,56.71,175.92,0.7251
0,1863.82,213.68,55.95,182.57,0.7093
0,1041.06,736.17,69.46,205.12,0.6981
0,935.03,2.22,49.93,116.46,0.6925
0,886.9,1.83,50.65,113.91,0.6834
0,744.66,90.13,59.67,167.02,0.5789
0,208.73,100.68,82.52,186.75,0.5334
0,1218.5,27.97,62.5,116.74,0.5069
0,398.64,29.89,52.44,151.9,0.4862
0,284.53,127.03,53.25,164.51,0.4814
0,1293.14,3.36,84.58,235.67,0.3356
