0,288.31,854.75,101.67,224.39,0.9017
0,247.72,916.16,82.34,163.08,0.8821
0,1651.49,0.05,53.22,133.39,0.8392
0,377.9,237.16,64.38,190.82,0.8346
0,1666.97,264.75,59.24,180.53,0.8343
0,1481.45,4.22,57.03,138.14,0.8202
0,1715.59,458.5,81.24,209.74,0.8116
0,719.22,587.8,83.25,249.24,0.7998
0,1826.75,253.07,68.48,180.05,0.7743
0,990.5,927.57,86.33,152.35,0.7663
0,875.32,0.97,46.61,100.09,0.7638
0,474.55,75.76,51.5,177.77,0.7554
0,1578.43,1.02,52.5,128.23,0.7513
0,204.94,285.5,62.15,190.79,0.7483
0,1037.02,814.08,101.53,258.58,0.7435
0,928.74,1.39,45.41,81.18,0.6683
0,356.76,95.32,60.75,175.65,0.6628
0,1118.15,829.1,88.16,228.47,0.6611
0,133.27,261.42,75.57,208.63,0.6479
0,790.89,68.38,82.77,250.85,0.6441
0,984.4,0.81,50.39,81.5,0.636
0,1609.7,591.02,65.2,232.54,0.5966
0,754.99,79.98,50.89,141.89,0.5768
0,283.44,91.95,58.4,195.69,0.535
0,420.6,58.14,54.38,169.88,0.4978
0,554.98,97.15,63.97,184.7,0.433
0,441.62,135.33,48.13,151.07,0.4062
0,618.62,71.72,34.96,68.91,0.3527
0,307.86,30.59,49.09,113.37,0.3493
0,1217.14,26.8,64.32,116.69,0.3184
