0,205.57,757.39,88.2,264.25,0.8852
0,273.46,787.18,92.33,257.75,0.8766
0,826.7,610.95,69.58,249.84,0.8565
0,1743.11,197.59,58.32,164.4,0.8546
0,1037.97,932.73,75.13,147.27,0.8485
0,1616.22,17.17,58.52,167.07,0.843
0,460.2,141.66,70.4,181.85,0.8377
0,1727.87,455.16,68.47,209.42,0.8298
0,1494.22,0.01,55.62,128.88,0.8194
0,1617.71,304.29,59.93,188.42,0.8181
0,1676.7,26.04,58.12,162.46,0.8137
0,930.0,690.12,102.51,243.85,0.8107
0,1841.47,188.93,70.34,189.33,0.8041
0,998.35,0.83,51.47,125.82,0.7856
0,396.38,179.76,65.72,179.22,0.7803
0,1683.02,615.46,94.37,212.17,0.7758
0,935.4,1.42,49.26,116.81,0.7712
0,1030.85,710.94,69.17,200.78,0.7546
0,884.7,1.12,46.96,120.76,0.7375
0,1523.41,604.94,113.15,230.67,0.7232
0,284.88,125.99,53.42,165.86,0.6763
0,790.87,142.86,55.01,174.77,0.6683
0,513.35,91.86,59.6,170.38,0.6585
0,451.55,5.75,59.74,172.38,0.6461
0,148.26,321.02,64.42,199.09,0.6371
0,362.07,91.55,68.88,188.85,0.6335
0,1722.36,348.74,82.12,144.06,0.5758
0,398.74,20.74,50.32,147.84,0.447
0,1217.34,28.06,63.36,114.94,0.4298
0,226.16,155.87,51.22,133.15,0.3237
0,312.04,53.16,36.09,88.47,0.3237
0,560.25,57.76,44.77,136.56,0.3205
0,1293.72,1.86,83.55,209.51,0.3201
