0,1658.81,231.67,68.59,186.7,0.8781
0,311.45,911.1,94.25,167.65,0.8707
0,249.78,981.12,84.71,98.28,0.8681
0,1712.91,449.82,84.5,215.01,0.8651
0,363.96,265.14,65.99,197.49,0.8149
0,1630.68,0.83,61.25,115.74,0.8077
0,167.62,250.39,56.49,204.58,0.801
0,1482.01,5.32,57.37,137.27,0.7992
0,1071.3,860.43,90.26,219.12,0.7926
0,1162.57,875.42,87.24,202.5,0.7885
0,1000.28,936.55,57.52,143.45,0.7842
0,428.29,65.95,53.27,168.11,0.7646
0,1875.37,275.18,44.37,172.59,0.7375
0,1571.1,594.36,103.42,231.15,0.7346
0,354.41,109.38,59.26,175.01,0.7137
0,283.79,121.88,60.41,170.86,0.7029
0,230.67,271.62,60.82,175.76,0.6838
0,484.05,56.09,57.53,200.09,0.6781
0,807.99,142.06,55.63,176.14,0.656
0,867.47,1.0,53.65,91.3,0.6436
0,752.77,80.9,49.91,133.42,0.5808
0,211.93,135.41,58.86,154.9,0.4443
0,1217.24,28.85,64.57,114.02,0.4382
0,558.95,100.36,60.44,183.65,0.3552
0,808.21,57.47,58.58,119.95,0.3019
