0,265.39,828.63,80.9,248.45,0.8942
0,191.51,790.14,95.57,279.29,0.8731
0,1769.64,213.77,60.54,173.86,0.8531
0,1716.28,458.1,80.06,207.22,0.8468
0,1043.46,925.56,69.17,154.44,0.8394
0,1484.7,0.0,55.88,135.43,0.8337
0,163.79,319.14,65.69,193.92,0.829
0,466.12,120.32,61.64,183.74,0.825
0,384.8,195.37,63.65,188.23,0.8165
0,826.83,605.82,65.29,257.22,0.8085
0,1702.89,307.41,74.5,183.15,0.8037
0,776.05,145.6,57.79,169.59,0.7997
0,956.55,726.28,87.84,253.05,0.7712
0,1668.21,14.38,58.55,158.89,0.7687
0,1607.36,1.74,56.0,166.01,0.7397
0,1046.86,744.18,78.96,193.15,0.7162
0,519.35,102.46,55.24,174.8,0.7158
0,455.11,0.54,63.44,155.34,0.7057
0,886.12,1.73,53.19,111.98,0.6913
0,1867.01,223.48,52.51,191.57,0.6667
0,934.33,1.48,43.24,104.24,0.6511
0,996.04,1.37,48.5,112.19,0.65
0,1778.62,651.92,62.94,156.1,0.6071
0,1575.95,600.96,67.31,234.23,0.6008
0,283.84,125.45,55.71,166.56,0.5317
0,400.6,31.89,48.9,154.65,0.5117
0,1598.12,286.81,50.31,144.13,0.3979
0,588.61,63.44,33.44,117.16,0.3691
0,362.07,134.33,53.54,189.31,0.3688
0,1216.84,28.32,65.31,116.52,0.3246
0,751.71,91.47,54.11,167.13,0.3143
0,217.02,110.79,73.35,178.44,0.3104
0,114.03,313.13,66.56,179.62,0.3077
0,766.82,91.03,38.13,55.34,0.3055
