0,299.84,882.97,98.65,195.66,0.8918
0,244.78,950.44,83.4,129.03,0.8598
0,1645.98,247.66,80.95,191.92,0.8431
0,1720.3,453.81,76.2,214.65,0.8056
0,373.25,254.05,65.61,195.7,0.8046
0,1481.0,3.97,58.11,139.31,0.798
0,1645.83,0.4,54.2,128.41,0.777
0,1852.11,255.6,64.65,185.09,0.7717
0,215.86,277.95,63.81,182.42,0.762
0,1003.71,927.26,63.21,152.74,0.7605
0,1570.52,591.22,104.46,235.33,0.7547
0,877.47,0.97,42.96,98.89,0.7471
0,1143.5,849.34,80.38,228.22,0.7291
0,1053.73,839.87,84.88,238.36,0.6871
0,702.35,570.94,66.27,246.85,0.6737
0,354.02,101.66,62.87,174.84,0.6407
0,161.51,255.92,51.75,199.94,0.6165
0,424.81,64.56,50.23,162.01,0.5923
0,461.83,128.9,52.18,142.26,0.591
0,753.68,80.6,51.28,140.98,0.5846
0,1575.98,0.74,41.6,122.75,0.5818
0,286.27,95.72,58.09,196.91,0.5809
0,477.93,62.99,52.7,162.02,0.5698
0,809.9,61.65,61.55,255.87,0.5456
0,931.59,1.43,39.28,68.71,0.5299
0,1579.0,232.13,39.76,92.13,0.4255
0,1216.69,29.04,64.67,114.14,0.383
0,822.29,63.22,49.85,115.01,0.3694
0,292.14,16.43,59.31,124.0,0.327
0,212.08,107.08,54.59,185.73,0.316
