0,294.07,864.2,106.2,214.64,0.915
0,248.61,929.08,82.56,150.2,0.8967
0,1658.45,256.77,65.95,190.49,0.8685
0,378.06,239.15,64.87,190.27,0.8509
0,1649.09,0.0,54.56,131.76,0.8423
0,713.01,585.33,87.11,251.12,0.826
0,1002.39,925.89,70.34,153.82,0.8212
0,1718.36,456.76,78.53,211.88,0.8139
0,1481.25,4.04,56.94,137.8,0.8036
0,1042.38,819.06,88.85,258.36,0.774
0,1578.69,1.18,47.79,122.36,0.747
0,1833.97,252.23,67.7,182.04,0.7324
0,1575.07,590.65,100.26,235.86,0.7186
0,872.03,1.13,49.61,98.15,0.7157
0,208.38,283.3,61.04,182.62,0.6929
0,475.55,74.08,51.53,179.05,0.6889
0,353.36,94.8,62.95,181.45,0.6824
0,801.1,67.96,72.5,250.08,0.6661
0,284.84,90.13,58.87,201.6,0.6438
0,982.42,1.02,54.5,79.89,0.6202
0,928.49,1.52,43.47,82.28,0.6071
0,755.04,80.22,51.33,138.93,0.5898
0,134.4,261.98,76.01,206.5,0.5553
0,1121.64,833.52,94.34,240.37,0.5487
0,421.8,59.35,48.38,168.8,0.5052
0,304.63,27.59,49.53,116.03,0.453
0,552.89,82.08,65.37,197.91,0.4055
0,211.71,157.64,54.35,132.61,0.3129
