0,760.75,596.73,94.4,248.02,0.8589
0,239.83,880.94,86.72,198.58,0.8521
0,1720.38,457.31,76.0,209.02,0.8441
0,1662.67,280.5,85.46,195.94,0.8304
0,1490.25,3.3,56.87,138.73,0.8252
0,1659.04,0.0,52.56,145.42,0.7924
0,455.6,92.45,61.79,174.59,0.7837
0,379.62,221.32,63.77,185.71,0.7828
0,871.39,1.27,50.87,108.03,0.7782
0,790.0,80.96,70.16,237.54,0.77
0,1794.31,238.64,65.02,169.96,0.7465
0,1079.74,797.74,91.53,241.56,0.7282
0,751.08,82.26,49.38,138.51,0.7254
0,1014.41,936.22,84.94,143.26,0.7179
0,191.72,295.46,62.78,189.7,0.7134
0,1610.53,585.82,52.58,240.68,0.7036
0,935.24,0.81,42.67,92.79,0.7005
0,536.17,104.14,57.05,179.59,0.6852
0,1588.03,0.76,57.39,141.19,0.6825
0,132.25,265.06,60.88,213.91,0.627
0,226.55,829.39,77.3,190.6,0.5752
0,212.73,109.44,62.83,179.46,0.5687
0,986.12,0.74,50.81,94.03,0.5479
0,354.94,78.95,65.16,174.61,0.5169
0,1217.36,28.82,64.0,114.72,0.499
0,285.11,124.47,54.45,166.52,0.4689
0,1004.91,781.32,82.9,167.39,0.4068
0,414.08,49.08,53.09,120.89,0.3824
0,286.77,39.25,61.57,108.04,0.3325
0,456.15,2.26,59.53,107.58,0.3144
