0,209.31,741.52,92.93,263.29,0.9115
0,291.4,773.63,80.91,256.22,0.8588
0,1029.61,938.08,75.43,141.85,0.8565
0,821.09,608.91,73.62,252.48,0.8452
0,1733.27,192.16,67.78,171.95,0.8325
0,1622.6,25.32,60.5,177.29,0.8307
0,927.9,682.16,81.91,250.08,0.8097
0,1659.75,596.32,73.9,216.82,0.8056
0,1025.18,697.48,70.55,218.48,0.7953
0,469.14,149.12,63.34,187.24,0.7887
0,1001.3,0.46,50.01,126.89,0.7752
0,1534.15,604.53,97.94,229.08,0.7578
0,1494.9,0.65,55.82,130.15,0.7578
0,795.05,143.21,60.14,173.94,0.7515
0,1731.23,457.72,65.29,207.59,0.741
0,405.58,173.37,58.46,174.62,0.7395
0,1682.55,32.96,57.02,167.75,0.7306
0,880.4,0.72,46.02,122.59,0.7205
0,1829.45,184.0,81.57,187.75,0.7071
0,931.8,0.53,52.27,128.13,0.7038
0,1751.58,337.3,64.16,205.61,0.6892
0,285.82,123.56,53.55,167.93,0.616
0,1624.82,312.88,56.22,156.05,0.5809
0,448.82,12.44,62.71,172.63,0.5642
0,360.0,107.0,65.4,171.32,0.5005
0,1217.75,27.75,62.9,118.14,0.4415
0,97.45,333.23,110.12,188.71,0.4237
0,753.56,102.49,51.58,146.65,0.4047
0,220.87,100.53,65.51,189.73,0.4036
0,1293.85,1.38,83.73,216.72,0.3585
0,507.21,88.2,61.94,174.34,0.3192
0,401.68,18.72,47.37,155.81,0.3124
