0,264.81,835.26,79.59,243.31,0.8812
0,1767.36,217.44,67.56,169.91,0.8788
0,191.56,793.91,92.46,275.4,0.8671
0,1716.09,456.71,79.0,208.91,0.8542
0,817.56,603.78,70.64,256.24,0.8502
0,1484.87,0.0,55.51,135.05,0.8398
0,165.63,316.45,65.05,194.42,0.8357
0,958.46,733.19,89.18,248.66,0.8185
0,1040.88,930.84,69.89,149.16,0.8137
0,375.87,197.26,73.06,191.89,0.7856
0,465.69,119.12,60.52,181.87,0.7801
0,1666.16,9.45,57.23,163.2,0.7704
0,1604.84,1.6,58.16,165.99,0.753
0,778.63,145.0,56.02,169.52,0.7518
0,1699.3,308.26,71.66,176.5,0.745
0,1050.58,750.19,82.23,203.5,0.7379
0,518.5,104.38,57.04,172.98,0.7328
0,885.21,1.0,48.06,113.41,0.7267
0,934.12,0.71,45.09,104.3,0.7217
0,995.52,1.34,48.28,106.68,0.7209
0,454.47,0.0,61.72,152.44,0.6909
0,1577.41,599.43,71.32,234.93,0.6584
0,1787.62,654.07,53.29,210.28,0.6157
0,1870.0,231.08,49.77,197.97,0.5867
0,1597.58,286.12,48.18,180.65,0.5089
0,283.68,125.6,53.73,165.79,0.5001
0,1217.93,28.73,64.03,114.49,0.4594
0,402.43,37.32,49.99,157.42,0.3625
0,210.74,110.98,80.53,177.02,0.3158
0,771.02,90.85,37.94,54.58,0.3107
0,1292.73,2.44,84.72,211.67,0.3103
