0,275.36,799.49,87.16,259.84,0.8681
0,201.67,766.76,89.66,273.63,0.8644
0,1041.12,932.15,76.13,147.85,0.8531
0,154.47,326.24,64.66,191.38,0.8494
0,826.5,611.32,70.24,249.73,0.84
0,1616.3,303.38,54.79,188.04,0.8384
0,933.24,697.24,102.43,256.82,0.8325
0,1676.43,26.21,56.34,163.9,0.8261
0,455.11,138.72,76.69,184.67,0.8237
0,1689.66,624.48,91.24,214.97,0.8214
0,1613.58,15.28,56.87,165.44,0.8173
0,1492.44,0.28,56.62,129.92,0.8136
0,1750.3,203.13,54.45,163.55,0.8113
0,1845.09,195.87,67.56,187.41,0.7968
0,1722.23,453.8,72.8,208.23,0.776
0,393.87,184.32,64.73,182.44,0.7659
0,937.09,1.46,47.64,116.28,0.7568
0,884.99,1.34,50.25,118.95,0.7465
0,996.1,1.09,53.64,118.94,0.7333
0,790.0,142.0,54.51,173.48,0.732
0,1032.76,716.11,71.24,193.6,0.7183
0,515.25,95.84,57.23,169.24,0.6586
0,333.85,170.59,45.32,165.09,0.6549
0,454.07,4.64,57.71,170.51,0.6233
0,1541.97,603.19,92.58,232.08,0.6113
0,284.6,126.9,54.35,166.53,0.5854
0,1707.96,348.11,91.61,131.83,0.4872
0,398.42,24.3,50.87,141.73,0.4367
0,1219.82,28.23,60.71,116.18,0.3894
0,721.81,93.92,75.44,171.48,0.306
