0,190.67,785.85,95.77,275.55,0.8938
0,1670.36,15.82,57.55,157.37,0.852
0,264.89,821.7,84.11,255.61,0.8471
0,1485.92,0.0,55.4,135.26,0.8417
0,1609.05,2.45,57.79,163.83,0.8409
0,1768.43,210.4,59.14,172.49,0.835
0,826.99,607.54,65.61,255.12,0.832
0,1043.92,928.22,70.32,151.78,0.8298
0,956.84,720.07,98.13,249.66,0.8208
0,1716.09,455.84,77.95,209.77,0.8128
0,162.93,322.1,65.38,193.1,0.804
0,465.73,121.78,60.11,184.09,0.8021
0,1710.68,309.21,70.99,192.78,0.7953
0,1045.58,741.66,76.24,199.95,0.78
0,995.13,1.6,49.8,114.01,0.7788
0,1757.08,647.52,72.22,213.15,0.754
0,454.54,0.6,67.26,155.27,0.7528
0,778.5,145.62,58.33,170.83,0.7359
0,1599.1,288.58,50.82,179.85,0.7169
0,1576.63,602.82,62.09,232.21,0.6805
0,935.23,1.91,46.21,107.07,0.6729
0,1867.51,217.57,52.27,190.19,0.6548
0,885.93,2.52,52.21,111.25,0.6507
0,517.71,103.25,53.28,172.71,0.6437
0,399.37,28.79,51.45,158.28,0.5473
0,357.8,94.52,66.11,230.5,0.4734
0,284.83,126.35,50.86,164.22,0.4636
0,209.76,112.71,81.0,175.72,0.4558
0,386.87,194.73,61.41,183.89,0.426
0,1217.56,28.03,63.28,116.04,0.4101
0,745.57,90.95,54.73,165.11,0.3757
