0,364.27,530.5,112.58,245.94,0.9055
0,1621.12,155.38,70.38,175.35,0.8724
0,310.89,357.63,71.79,209.2,0.8672
0,1714.03,453.72,90.18,212.14,0.8548
0,1283.99,869.94,90.44,209.09,0.8496
0,1077.54,1.55,79.2,98.37,0.8428
0,810.27,144.33,52.13,172.55,0.8322
0,844.35,925.53,65.73,154.15,0.8165
0,1365.41,854.63,100.72,224.53,0.7838
0,1481.98,5.84,56.56,137.54,0.7756
0,483.97,127.61,55.05,178.12,0.7627
0,1573.15,592.1,100.81,235.81,0.7615
0,416.84,143.05,56.64,156.7,0.7067
0,1106.46,1045.48,39.06,34.45,0.6903
0,237.44,210.38,59.75,197.26,0.6829
0,288.41,217.25,55.77,181.07,0.6522
0,350.07,101.17,65.49,179.81,0.6342
0,752.74,80.38,49.82,139.09,0.5474
0,400.38,4.93,65.19,171.58,0.4318
0,288.15,127.95,55.59,126.02,0.394
0,1195.37,1048.77,50.81,31.23,0.3589
0,348.4,11.7,52.6,126.9,0.3415
0,260.67,92.52,45.17,130.85,0.3246
0,1603.86,0.08,33.08,37.38,0.3013
