0,1622.71,190.73,57.06,183.21,0.875
0,475.88,537.92,70.88,240.51,0.8699
0,1713.85,452.65,85.04,212.98,0.8584
0,336.14,315.69,69.09,200.9,0.855
0,1125.26,959.87,92.13,120.13,0.8432
0,806.13,145.1,57.78,174.14,0.8414
0,1399.33,963.87,79.99,115.97,0.8351
0,920.62,927.53,63.6,152.47,0.8254
0,1482.21,3.74,56.43,139.31,0.7958
0,1570.62,592.33,102.82,234.96,0.7722
0,212.6,224.45,59.3,199.39,0.7664
0,267.07,237.79,57.33,181.2,0.7569
0,1194.71,971.33,75.48,108.67,0.7163
0,349.27,87.41,72.34,191.91,0.7062
0,462.15,101.98,55.37,174.03,0.6897
0,751.35,49.71,49.52,168.05,0.6307
0,428.45,120.75,37.85,147.4,0.6264
0,283.23,124.64,61.65,167.28,0.5569
0,345.05,1041.91,36.43,37.34,0.5499
0,560.69,111.43,55.89,172.52,0.4467
0,1205.05,1.54,47.15,88.26,0.4233
0,412.89,1.52,58.15,134.11,0.4198
0,363.5,0.0,42.73,117.23,0.3697
0,1476.37,945.68,92.84,133.53,0.3439
0,469.98,7.37,55.53,96.51,0.3434
0,683.96,220.51,77.87,107.24,0.3377
