0,1614.33,167.79,75.27,174.53,0.8805
0,1341.9,912.68,86.03,165.65,0.8592
0,1714.65,453.55,86.3,210.21,0.8534
0,872.38,930.79,64.97,149.17,0.8444
0,439.05,528.5,65.17,240.73,0.8319
0,1420.99,896.44,100.75,182.92,0.8108
0,315.9,335.86,73.14,203.3,0.8082
0,810.43,142.88,53.54,173.26,0.8081
0,1111.07,999.37,78.71,79.65,0.8022
0,1130.41,1.03,74.25,112.58,0.802
0,1572.14,590.82,102.62,233.04,0.7901
0,472.04,112.41,59.26,176.27,0.7576
0,1476.4,0.93,64.11,141.76,0.7243
0,224.92,216.56,63.77,192.59,0.7174
0,1191.92,1008.06,86.16,71.7,0.6994
0,278.47,226.71,54.84,174.79,0.6405
0,427.75,126.32,47.09,154.25,0.6195
0,355.33,105.8,64.64,172.39,0.5917
0,749.45,47.16,52.1,173.81,0.5228
0,286.7,127.42,58.9,149.38,0.487
0,354.05,1.78,47.45,121.47,0.4316
0,682.63,279.02,53.14,127.72,0.4274
0,406.28,0.05,57.4,144.91,0.4105
0,558.11,106.62,57.02,177.05,0.4087
