0,494.1,540.56,105.14,237.09,0.9014
0,1622.91,193.92,64.92,180.41,0.8874
0,1714.67,451.43,83.4,213.97,0.8631
0,336.69,309.92,68.97,207.0,0.8616
0,805.73,144.2,58.23,173.76,0.8341
0,935.63,929.32,59.13,150.66,0.8218
0,1481.35,3.93,56.73,138.76,0.8133
0,1570.9,593.0,102.29,233.21,0.7659
0,1424.34,981.99,76.4,98.01,0.7615
0,207.5,227.77,60.67,196.74,0.7571
0,330.31,1020.53,84.66,58.2,0.7549
0,459.28,94.19,52.63,170.28,0.7514
0,1116.7,949.84,101.8,130.16,0.7485
0,261.39,241.75,57.56,182.95,0.6985
0,354.11,87.03,65.13,193.34,0.6861
0,1201.81,961.9,75.2,117.81,0.6736
0,282.28,124.27,60.27,169.13,0.637
0,748.75,48.4,55.0,169.98,0.6285
0,425.87,115.95,37.63,146.33,0.6122
0,561.82,119.8,52.26,162.99,0.5584
0,234.49,132.54,45.87,148.97,0.4846
0,1493.74,956.03,155.38,123.93,0.4049
0,1579.5,5.06,30.05,74.77,0.3736
0,958.32,0.35,41.88,43.93,0.372
0,417.02,2.11,56.63,116.31,0.3582
