0,311.9,919.25,111.16,160.2,0.869
0,1713.58,449.81,83.55,215.44,0.8555
0,253.35,986.58,85.07,92.81,0.8547
0,1654.66,229.13,67.19,188.03,0.8367
0,362.73,275.97,66.16,191.68,0.8358
0,1625.58,0.44,56.12,112.57,0.8153
0,1481.71,4.84,56.12,137.32,0.8057
0,1000.47,941.31,55.74,138.69,0.8033
0,1067.9,870.78,92.91,209.22,0.7813
0,429.42,64.35,52.51,171.51,0.7765
0,1170.54,882.65,87.69,195.75,0.7755
0,484.54,51.54,58.12,203.94,0.7691
0,170.12,248.07,56.72,203.99,0.7681
0,233.42,264.09,60.49,182.25,0.7233
0,1570.84,592.53,104.63,232.38,0.7218
0,1878.61,279.93,41.13,183.92,0.6917
0,354.65,97.07,59.12,200.51,0.6867
0,284.43,117.54,59.29,176.31,0.6572
0,808.06,146.38,55.3,170.99,0.6242
0,872.66,2.19,47.29,87.89,0.5854
0,214.12,136.47,52.62,147.67,0.5041
0,1217.62,29.49,63.96,117.83,0.4314
0,752.79,80.39,47.88,124.19,0.3987
0,289.67,12.88,52.79,118.27,0.3401
0,683.64,220.04,79.15,112.25,0.3249
0,810.16,55.73,50.74,125.68,0.3054
