0,1624.66,193.02,57.06,179.79,0.8814
0,336.92,314.34,67.82,203.16,0.8568
0,1713.17,453.24,85.36,212.25,0.8565
0,487.67,538.19,71.33,237.8,0.8461
0,806.7,145.31,57.37,173.46,0.8313
0,1481.9,3.66,56.97,139.51,0.8159
0,1570.68,592.23,102.32,234.99,0.8078
0,926.72,927.36,59.19,152.64,0.8065
0,1406.79,971.23,77.98,108.31,0.7863
0,1124.39,957.76,89.95,122.24,0.7852
0,211.31,226.6,59.24,196.11,0.7758
0,265.73,239.16,57.51,180.47,0.7399
0,461.15,101.05,58.13,172.91,0.7066
0,354.72,90.39,65.84,191.37,0.6773
0,283.8,123.89,61.12,168.83,0.6137
0,1194.03,967.14,77.51,112.86,0.6068
0,347.03,1038.08,36.47,41.54,0.5868
0,428.61,121.28,37.0,146.41,0.5651
0,1480.94,945.89,169.59,133.94,0.5121
0,751.25,48.0,50.73,170.86,0.4679
0,560.36,111.88,57.04,171.2,0.3828
0,365.05,0.0,41.75,116.32,0.3711
0,413.43,0.47,58.86,145.8,0.3691
0,467.7,11.09,57.63,122.48,0.3096
