0,1613.91,171.03,67.28,181.41,0.8905
0,1715.69,452.63,83.94,212.96,0.8545
0,895.12,931.82,63.25,148.1,0.8473
0,450.42,537.22,85.02,238.21,0.8468
0,805.39,144.35,59.43,173.96,0.843
0,1361.31,939.92,90.04,139.42,0.8356
0,332.46,331.46,63.43,203.1,0.8184
0,1122.78,986.15,84.59,93.85,0.8137
0,1444.9,911.08,89.76,168.53,0.8061
0,1571.95,591.49,100.56,236.21,0.771
0,1157.57,1.03,76.19,115.95,0.7709
0,1201.21,995.05,66.4,84.95,0.7624
0,1481.31,0.73,58.26,142.51,0.75
0,468.36,104.98,56.38,173.7,0.7473
0,221.07,221.06,57.81,200.34,0.7263
0,270.55,237.74,58.14,180.36,0.7256
0,354.82,97.93,68.28,179.38,0.7148
0,749.92,48.7,51.4,168.82,0.6711
0,428.9,118.24,45.05,156.14,0.6325
0,411.08,0.0,56.99,132.62,0.5548
0,286.23,125.8,58.22,160.37,0.5271
0,562.08,113.2,53.29,170.71,0.452
0,359.18,0.0,41.48,120.13,0.367
0,471.45,2.4,51.96,128.22,0.3596
