0,253.58,1002.55,82.72,76.79,0.9001
0,318.49,937.08,98.06,142.69,0.8805
0,1705.29,452.95,93.47,211.99,0.8619
0,360.69,279.08,68.11,192.13,0.858
0,1649.76,228.73,59.97,187.62,0.8437
0,996.95,945.45,56.52,134.55,0.8388
0,431.28,71.55,52.42,171.32,0.7895
0,1482.0,4.7,56.47,137.85,0.7822
0,1162.11,897.42,103.46,181.9,0.7782
0,1571.36,592.57,104.42,232.72,0.7734
0,804.88,143.87,59.39,174.24,0.7732
0,1615.12,1.11,56.18,102.98,0.741
0,1082.08,885.56,97.17,193.67,0.7278
0,355.56,102.34,59.27,197.58,0.7267
0,1880.23,286.96,39.53,183.22,0.7148
0,236.53,260.53,63.4,178.59,0.7099
0,171.15,244.76,56.6,194.73,0.7068
0,482.45,42.83,58.49,207.32,0.6944
0,282.15,120.97,59.49,171.79,0.6696
0,217.81,154.11,50.46,155.65,0.56
0,752.95,79.6,46.03,129.45,0.4876
0,287.44,7.21,52.7,117.5,0.4201
0,1217.21,29.03,63.22,115.24,0.4152
0,1562.85,214.27,39.2,61.76,0.4112
0,796.55,51.35,53.61,145.99,0.4016
0,426.93,1.81,58.09,101.44,0.3534
0,874.82,2.21,42.99,85.42,0.3132
0,358.97,0.29,48.71,112.96,0.3117
