0,312.17,350.43,70.84,211.1,0.8794
0,1627.84,156.34,67.76,179.63,0.8792
0,399.24,530.18,82.72,242.51,0.8575
0,1123.03,0.31,42.87,101.56,0.8539
0,1316.16,893.28,83.65,186.72,0.8463
0,1713.76,453.33,89.45,211.52,0.84
0,806.02,143.47,57.56,174.62,0.8325
0,853.36,930.37,64.59,149.45,0.8169
0,482.04,116.59,53.99,176.72,0.7901
0,1571.51,591.47,103.15,232.3,0.7636
0,1400.05,864.91,89.07,214.41,0.7286
0,351.33,101.66,67.33,176.26,0.7208
0,1480.4,4.69,57.75,136.78,0.7194
0,228.89,213.42,62.72,193.39,0.685
0,411.23,127.46,65.7,162.45,0.6261
0,1197.35,1036.49,43.25,43.51,0.5755
0,749.92,77.5,52.96,143.71,0.5634
0,1107.15,1029.58,43.31,50.42,0.5505
0,288.76,127.07,55.99,134.59,0.4078
0,279.76,224.69,56.93,170.03,0.3814
0,261.27,91.79,48.02,160.35,0.3719
0,353.13,2.3,48.11,124.84,0.3632
0,288.91,0.45,59.7,154.47,0.3552
0,403.1,3.5,61.99,125.15,0.3412
