0,1715.49,452.86,82.06,212.0,0.8568
0,1624.71,204.09,73.72,189.99,0.8548
0,324.36,991.9,94.49,86.57,0.8414
0,809.91,144.05,53.94,170.8,0.8372
0,340.42,294.53,69.28,199.35,0.8363
0,957.65,934.99,58.45,145.01,0.8327
0,514.52,538.95,101.2,239.56,0.8297
0,1112.04,924.09,90.94,155.34,0.8276
0,1481.23,2.9,59.23,139.31,0.8187
0,1571.82,593.43,100.97,233.41,0.7709
0,447.04,86.23,56.05,172.49,0.7368
0,1584.67,1.06,56.57,89.88,0.7165
0,282.32,125.5,61.03,169.04,0.7061
0,356.51,86.59,66.93,193.8,0.6775
0,234.66,132.2,46.95,152.75,0.634
0,192.85,240.75,63.57,194.55,0.6266
0,1195.94,935.95,81.71,142.7,0.6264
0,246.46,251.14,63.11,176.91,0.6042
0,758.28,53.38,57.73,165.75,0.6022
0,1448.51,1010.92,71.76,68.2,0.5934
0,260.51,1054.05,41.65,25.51,0.4139
0,1521.16,989.74,94.13,89.57,0.4069
0,482.58,22.09,54.11,90.24,0.3825
0,483.81,21.66,55.2,204.47,0.3282
0,883.07,1.91,39.13,78.59,0.3159
