0,309.05,366.52,67.14,207.71,0.8703
0,1259.01,857.8,89.89,221.12,0.8626
0,355.82,530.64,105.32,246.61,0.8611
0,1616.0,148.55,63.3,178.32,0.86
0,1714.22,453.79,89.88,211.56,0.8569
0,824.23,922.64,83.78,156.09,0.8478
0,1350.35,827.65,88.92,250.38,0.815
0,1571.2,591.4,102.35,236.8,0.8029
0,1059.2,0.9,57.91,91.14,0.7847
0,812.29,141.75,46.38,171.51,0.7805
0,244.15,200.26,60.38,199.2,0.7761
0,1480.97,3.39,57.89,138.66,0.7599
0,486.05,132.82,54.45,172.37,0.7291
0,423.62,150.65,51.21,149.52,0.6841
0,297.21,216.96,55.98,170.99,0.532
0,757.47,77.49,45.52,142.07,0.4475
0,404.03,2.96,57.74,154.8,0.4331
0,561.12,126.77,56.36,158.45,0.3623
0,348.54,93.78,66.17,186.56,0.3582
