0,1620.06,183.01,59.37,184.01,0.8787
0,1714.24,453.3,84.32,212.62,0.8673
0,335.44,319.36,68.88,200.41,0.8656
0,1387.29,953.3,87.23,126.7,0.8633
0,1127.83,965.37,89.5,114.63,0.8604
0,810.18,145.13,54.15,172.66,0.8546
0,460.42,538.52,78.41,237.88,0.8541
0,913.12,929.48,65.66,149.99,0.839
0,214.76,224.75,58.32,196.06,0.7747
0,1571.22,593.71,103.16,232.79,0.7654
0,1482.06,3.31,57.47,139.7,0.7414
0,268.61,236.94,56.84,178.76,0.7392
0,463.01,103.49,59.36,172.56,0.7334
0,352.45,87.98,70.94,191.91,0.7235
0,749.56,48.94,51.88,169.97,0.6817
0,1200.25,978.91,70.85,101.09,0.6768
0,428.09,120.61,41.73,144.82,0.6338
0,284.65,124.3,60.17,165.79,0.592
0,1468.72,937.44,89.36,142.25,0.5558
0,411.38,0.88,60.54,130.48,0.5109
0,556.58,109.1,57.29,176.18,0.4824
0,343.28,1048.89,35.78,30.36,0.4387
0,468.81,4.22,55.32,98.67,0.3665
0,360.35,0.0,44.47,117.43,0.3146
