0,318.36,955.32,95.81,123.84,0.8911
0,1635.19,214.39,67.75,183.06,0.8741
0,1712.4,451.03,85.44,213.88,0.8618
0,988.63,946.82,62.79,133.18,0.859
0,358.88,284.14,68.03,197.18,0.8324
0,575.77,549.08,98.85,233.16,0.8163
0,806.48,144.99,58.48,171.84,0.8049
0,174.81,239.77,63.83,197.41,0.7774
0,1570.88,593.21,104.45,231.74,0.7648
0,1481.65,4.61,62.0,137.43,0.7478
0,1185.19,909.52,82.72,168.6,0.7404
0,1604.78,1.4,56.46,100.2,0.7266
0,1094.88,897.21,98.91,182.63,0.6913
0,285.57,124.01,57.67,168.68,0.6799
0,251.04,1021.94,73.49,57.42,0.6795
0,237.86,256.23,63.41,180.58,0.6748
0,436.9,77.21,48.77,169.29,0.6471
0,357.25,104.37,61.75,175.29,0.6408
0,481.22,34.87,57.29,210.46,0.6404
0,784.54,51.72,53.38,158.79,0.5692
0,752.89,80.13,46.93,142.16,0.5261
0,880.38,1.91,38.62,85.59,0.5247
0,283.83,5.96,52.8,125.56,0.4949
0,223.33,131.39,51.29,165.42,0.4456
0,971.85,1.72,48.96,57.1,0.3539
0,556.62,103.94,63.86,178.72,0.3115
0,268.5,90.78,54.17,87.64,0.3091
