0,1626.33,196.38,66.59,180.26,0.9041
0,338.26,302.5,69.65,202.44,0.8761
0,494.35,539.33,118.89,236.28,0.8661
0,1115.19,933.63,95.46,146.37,0.8617
0,1717.06,451.07,80.89,213.6,0.8583
0,326.44,1003.77,96.35,74.28,0.8435
0,943.42,930.9,61.13,149.1,0.8293
0,1481.17,1.93,61.29,140.77,0.8269
0,807.31,143.25,56.49,173.51,0.8263
0,1570.09,591.54,102.92,232.47,0.8027
0,197.68,226.96,62.17,203.19,0.8012
0,1436.33,989.84,75.87,89.71,0.7464
0,353.37,87.75,68.15,192.03,0.745
0,456.1,89.98,53.13,169.73,0.7441
0,1582.5,1.73,45.25,86.27,0.7224
0,250.96,249.97,62.95,178.57,0.7202
0,754.26,49.95,53.51,170.16,0.713
0,282.68,123.18,57.8,170.96,0.6865
0,1198.2,949.64,81.01,129.53,0.5757
0,1509.46,977.79,96.44,101.63,0.552
0,235.59,122.29,45.21,158.5,0.5216
0,425.38,103.21,36.71,154.47,0.4505
0,480.33,15.93,51.86,92.7,0.429
0,361.54,0.57,42.16,115.68,0.4028
0,560.13,114.98,55.72,167.06,0.3305
0,265.63,0.0,58.37,118.29,0.3185
