0,317.9,933.52,99.4,145.99,0.871
0,253.28,998.19,83.43,81.32,0.8653
0,360.81,280.81,67.55,190.44,0.8588
0,1651.27,229.34,59.73,189.41,0.8536
0,1706.27,451.05,91.94,213.9,0.8447
0,996.68,944.89,56.46,135.11,0.8203
0,430.99,70.78,54.13,171.83,0.7811
0,1482.16,5.14,56.25,137.58,0.7794
0,1616.27,0.95,56.98,102.0,0.7782
0,483.22,43.99,58.15,207.79,0.7724
0,236.14,261.0,62.45,180.94,0.7712
0,1571.07,592.95,104.98,232.06,0.7656
0,1177.5,896.31,83.05,182.89,0.7431
0,805.58,142.39,58.73,174.5,0.7308
0,170.8,245.02,58.27,202.35,0.7245
0,355.62,101.66,58.87,199.04,0.7081
0,1079.45,884.67,96.29,194.04,0.7019
0,1878.13,287.77,41.62,181.16,0.6872
0,282.94,123.22,59.55,170.07,0.6764
0,753.09,79.17,46.45,134.55,0.5753
0,216.69,155.53,51.28,154.75,0.5447
0,1563.04,214.39,39.13,63.28,0.4548
0,794.98,52.7,58.43,146.46,0.4261
0,1217.03,29.3,64.04,116.13,0.4003
0,873.78,1.91,42.91,85.39,0.3961
0,288.91,7.25,52.08,117.7,0.3906
0,428.83,0.59,53.32,103.01,0.3425
