0,826.92,930.88,82.46,147.9,0.872
0,1236.28,823.32,85.33,252.09,0.864
0,385.78,538.98,66.78,245.1,0.853
0,1319.29,806.6,90.25,270.82,0.8517
0,1715.46,453.57,88.53,211.14,0.8498
0,1598.6,137.84,71.11,176.87,0.8444
0,1031.96,1.5,62.37,88.36,0.8354
0,297.07,378.35,71.08,211.4,0.8344
0,1480.7,2.22,57.17,139.79,0.7719
0,487.19,141.29,54.2,180.54,0.7531
0,1573.3,591.75,100.91,234.86,0.7519
0,256.37,199.06,55.66,192.02,0.738
0,806.91,140.52,43.22,172.02,0.7104
0,420.27,152.16,55.52,159.6,0.6624
0,309.97,211.73,49.83,169.88,0.5446
0,408.07,6.7,64.32,171.47,0.4853
0,562.45,128.9,50.87,155.35,0.306
