0,468.08,537.11,76.1,237.67,0.891
0,1714.07,453.92,84.72,212.15,0.8698
0,1621.85,189.03,57.84,185.62,0.8688
0,335.57,317.4,69.57,199.5,0.8498
0,1395.19,960.95,82.89,118.82,0.8424
0,918.21,929.65,63.75,150.28,0.8408
0,807.33,144.68,56.89,174.09,0.8393
0,1127.19,961.71,90.07,118.29,0.8379
0,1481.67,3.47,58.14,139.68,0.8028
0,1571.82,595.88,103.19,231.79,0.7452
0,213.83,225.65,57.84,196.84,0.7376
0,267.87,236.51,58.18,182.51,0.7322
0,463.0,102.02,57.85,174.41,0.7316
0,352.64,88.46,70.27,192.06,0.7193
0,750.21,49.68,51.46,165.85,0.6724
0,1198.05,973.22,72.67,106.78,0.6246
0,428.74,120.96,38.91,146.05,0.6076
0,283.58,124.29,61.67,167.83,0.5877
0,343.34,1044.77,36.93,34.46,0.5692
0,557.95,110.63,57.37,174.14,0.5033
0,411.31,0.94,60.34,129.87,0.441
0,1203.71,0.78,46.77,83.02,0.4234
0,470.15,6.78,54.48,94.43,0.3965
0,363.55,0.0,42.46,117.57,0.317
