0,318.51,952.83,95.54,126.69,0.8918
0,1636.79,217.05,66.34,180.5,0.8808
0,1708.72,451.81,89.22,212.99,0.8553
0,358.96,281.04,68.8,198.34,0.8506
0,990.1,946.45,62.16,133.55,0.8458
0,576.78,547.48,99.34,233.41,0.8173
0,803.73,145.02,61.3,171.98,0.7963
0,174.71,240.0,60.18,197.24,0.7883
0,237.7,258.05,63.71,180.68,0.777
0,1571.18,593.32,104.21,231.52,0.7747
0,1098.92,894.82,110.91,185.09,0.7589
0,1605.93,1.33,58.49,99.67,0.7539
0,1482.0,4.73,61.46,137.54,0.7526
0,1186.85,908.08,81.12,169.97,0.7147
0,286.41,123.94,56.69,168.35,0.7066
0,251.58,1020.8,73.95,58.6,0.6962
0,436.21,75.65,52.66,170.29,0.6917
0,481.39,36.35,57.57,208.34,0.6707
0,351.81,81.54,66.84,209.09,0.6452
0,785.46,51.65,54.45,160.52,0.622
0,753.78,78.86,45.45,143.89,0.5307
0,284.0,5.06,53.79,126.2,0.4911
0,223.17,129.47,50.11,169.34,0.4898
0,878.64,2.03,38.98,85.37,0.3343
