0,496.17,541.05,109.89,235.88,0.8918
0,1621.64,193.43,68.24,182.84,0.8829
0,1714.53,451.02,83.27,213.84,0.8722
0,336.68,309.62,68.81,205.58,0.8658
0,937.31,928.85,59.87,150.98,0.8456
0,806.61,143.93,57.45,173.93,0.8365
0,330.37,1016.67,87.01,62.34,0.8021
0,1481.2,3.6,57.6,140.32,0.8015
0,1570.63,592.59,103.05,232.82,0.7986
0,1114.57,946.77,101.05,133.23,0.7531
0,1426.47,981.91,76.47,97.58,0.7359
0,206.42,229.31,61.82,194.57,0.7305
0,352.83,87.57,67.46,193.52,0.712
0,283.18,124.07,59.93,169.97,0.694
0,750.01,46.99,55.55,171.68,0.6855
0,259.93,247.38,58.39,179.22,0.6718
0,1201.55,961.14,76.93,117.92,0.6464
0,459.29,93.94,52.19,167.59,0.6439
0,234.41,132.47,45.88,148.6,0.5274
0,427.12,115.48,36.74,147.17,0.4687
0,960.61,0.58,40.03,44.2,0.4152
0,1580.41,3.79,38.15,77.41,0.3852
0,1494.94,960.97,92.83,118.01,0.3821
0,560.89,114.79,54.09,166.91,0.367
0,473.44,14.12,56.31,91.89,0.3321
0,363.02,0.27,43.94,119.13,0.3039
