0,369.71,531.76,109.29,243.48,0.8851
0,1621.69,155.52,70.53,176.55,0.8846
0,311.79,356.49,70.99,210.58,0.8722
0,1289.4,872.85,88.29,207.06,0.8519
0,809.42,144.43,53.71,172.99,0.8478
0,1078.84,1.03,77.06,99.78,0.8453
0,1713.6,453.58,90.67,212.97,0.8405
0,845.2,926.53,63.75,153.32,0.8375
0,484.93,126.78,52.87,178.36,0.7854
0,1481.9,5.67,57.79,137.55,0.7616
0,1368.73,860.13,103.11,219.08,0.7317
0,1572.69,591.62,101.44,234.49,0.6871
0,414.85,142.32,60.05,157.24,0.6814
0,235.68,209.49,62.36,198.43,0.6774
0,1107.84,1043.62,39.28,36.32,0.6499
0,348.51,99.51,68.55,180.52,0.6213
0,283.99,220.24,58.12,177.56,0.5904
0,754.24,80.11,48.65,138.89,0.5768
0,1194.28,1046.46,53.04,33.54,0.5002
0,289.24,128.0,54.72,127.73,0.3941
0,400.4,5.59,63.31,162.02,0.3929
0,562.53,132.41,48.88,153.34,0.3524
0,260.66,92.24,46.22,130.1,0.3431
0,351.02,10.66,50.09,126.4,0.3232
