0,1626.58,155.66,67.83,181.54,0.8871
0,311.91,354.64,70.41,210.64,0.8694
0,1303.14,884.34,83.44,194.88,0.8684
0,388.26,531.15,94.23,244.29,0.8633
0,1713.64,453.99,90.78,211.77,0.8438
0,811.46,144.4,51.85,172.69,0.8178
0,846.97,930.82,63.01,148.96,0.8141
0,482.51,122.05,53.73,180.84,0.77
0,1571.96,591.75,102.85,234.66,0.7601
0,1480.74,5.64,57.96,137.28,0.7557
0,1381.42,861.69,100.37,217.91,0.7364
0,230.68,213.14,73.68,195.2,0.7358
0,1106.18,1.15,50.5,99.74,0.6916
0,1109.23,1038.94,40.62,41.06,0.6726
0,350.35,101.55,67.29,177.15,0.6556
0,416.99,133.58,57.65,163.25,0.6477
0,748.6,77.63,54.3,141.64,0.5995
0,1194.45,1042.01,45.1,37.99,0.5647
0,289.94,126.69,54.25,131.69,0.4923
0,282.17,225.11,56.7,172.88,0.428
0,401.17,4.18,63.15,155.43,0.3642
0,561.75,129.81,51.36,155.28,0.3462
0,261.27,92.7,46.26,143.96,0.3451
0,355.42,5.38,48.74,130.69,0.3066
