0,1715.38,453.69,81.86,211.13,0.8727
0,1622.49,204.93,76.39,191.28,0.8638
0,324.94,990.55,93.24,88.54,0.8489
0,525.88,538.98,90.06,240.04,0.8479
0,959.54,937.36,60.85,142.64,0.8452
0,341.21,293.72,68.65,199.69,0.843
0,1114.33,922.08,93.64,157.19,0.8368
0,808.82,143.35,55.03,172.46,0.8245
0,1481.19,3.32,59.83,138.52,0.8093
0,1584.59,1.21,57.45,89.3,0.7938
0,1570.86,593.16,101.95,231.07,0.7907
0,282.86,125.57,60.21,168.43,0.7264
0,1194.67,934.5,87.79,143.67,0.7189
0,447.94,86.83,52.55,171.95,0.6585
0,190.57,237.06,67.14,199.69,0.646
0,757.78,51.55,60.57,166.18,0.6387
0,356.71,85.96,66.75,194.48,0.6384
0,233.4,132.6,48.6,154.95,0.6075
0,246.13,251.91,62.99,177.01,0.5392
0,1451.49,1014.61,69.09,64.8,0.4738
0,260.79,1050.99,42.07,28.64,0.4178
0,483.16,24.28,55.77,202.95,0.4133
0,881.44,1.98,39.53,79.0,0.3231
0,559.51,119.19,54.25,160.94,0.3191
