0,1622.32,193.88,63.98,179.51,0.8787
0,336.98,311.09,68.32,206.21,0.8649
0,493.24,540.03,101.19,236.78,0.8631
0,1713.79,452.09,84.15,213.23,0.8629
0,805.5,145.06,58.62,174.0,0.8459
0,933.08,928.38,59.74,151.43,0.8297
0,1481.55,4.29,56.98,139.42,0.7838
0,1570.12,593.24,103.54,232.23,0.7809
0,458.28,93.62,54.0,172.59,0.7626
0,208.77,227.45,59.9,196.35,0.7502
0,1421.31,982.02,75.88,97.86,0.7488
0,349.23,85.39,70.5,195.8,0.7116
0,261.71,241.56,58.34,184.34,0.6916
0,1118.51,952.55,152.15,127.45,0.677
0,281.98,125.27,61.76,168.36,0.6756
0,330.54,1024.66,81.24,54.92,0.6119
0,425.93,116.8,38.36,149.99,0.5681
0,749.16,48.63,54.54,169.19,0.5537
0,234.8,133.3,45.82,148.29,0.4548
0,1578.27,3.72,29.62,76.07,0.4397
0,683.44,282.1,52.03,126.39,0.3742
0,1202.26,962.53,71.7,117.36,0.3475
0,560.43,122.93,54.03,159.78,0.3468
0,364.6,0.14,44.19,118.83,0.3145
