0,1267.74,862.3,90.97,216.05,0.8908
0,309.85,362.14,69.11,205.43,0.8767
0,351.92,531.6,120.06,244.46,0.8677
0,1362.99,838.87,87.18,238.06,0.8671
0,1619.99,153.24,62.51,178.23,0.8671
0,830.46,922.37,78.16,156.93,0.8542
0,1714.57,454.74,89.28,211.27,0.8537
0,812.09,143.97,47.63,170.03,0.8092
0,1481.22,3.55,56.88,139.58,0.7887
0,1569.94,592.58,104.1,235.26,0.78
0,242.78,202.63,59.79,200.48,0.7676
0,1073.36,0.89,68.04,94.33,0.7536
0,485.16,133.02,56.35,172.48,0.7191
0,418.86,142.3,53.6,157.8,0.7174
0,350.28,98.09,64.91,184.6,0.5193
0,1098.94,1054.89,37.03,24.96,0.5123
0,757.33,78.48,45.05,140.92,0.4334
0,403.06,5.93,60.49,153.99,0.4332
0,287.9,127.63,56.84,122.68,0.3621
0,293.31,222.49,57.11,104.96,0.3469
0,467.25,2.14,58.09,149.74,0.3373
0,561.84,129.43,53.16,156.84,0.3122
