0,1614.59,147.25,63.42,176.36,0.8771
0,309.33,369.0,65.91,205.33,0.8765
0,358.93,531.03,99.62,247.11,0.859
0,1714.75,454.14,88.29,210.87,0.8523
0,823.79,923.9,83.73,154.54,0.8498
0,1257.75,852.99,89.4,225.44,0.8467
0,1055.02,0.7,58.03,90.3,0.7977
0,1346.66,826.19,90.83,251.49,0.7952
0,245.54,200.2,59.3,199.27,0.7905
0,1570.59,591.57,103.14,235.28,0.7795
0,1481.17,3.25,57.26,138.84,0.773
0,811.33,141.41,46.63,171.66,0.7727
0,487.6,132.27,53.73,172.56,0.7302
0,296.58,216.3,57.62,173.4,0.708
0,424.55,151.05,50.34,150.22,0.6979
0,748.96,76.32,53.72,144.38,0.4439
0,404.81,3.05,56.64,139.3,0.4164
0,347.86,93.07,66.93,187.97,0.3753
0,561.35,135.03,53.53,150.73,0.3531
