0,1613.12,170.04,69.46,179.52,0.8899
0,1715.73,452.77,83.82,212.93,0.8576
0,892.71,931.6,62.68,147.94,0.8468
0,804.32,144.59,59.96,174.07,0.8406
0,1359.46,937.24,88.81,141.96,0.8365
0,452.02,532.63,81.57,241.1,0.834
0,1156.85,0.84,74.56,114.93,0.8262
0,331.22,332.43,63.94,207.51,0.8159
0,1443.25,908.44,89.83,170.95,0.8092
0,467.74,104.7,58.0,177.0,0.7964
0,1123.89,987.94,79.83,91.94,0.781
0,1198.29,996.55,70.85,83.43,0.7591
0,1481.56,0.69,57.84,141.75,0.7278
0,354.41,97.79,68.24,182.1,0.7074
0,270.51,237.21,58.42,179.45,0.7016
0,221.53,220.91,58.16,200.24,0.7004
0,1572.78,591.41,99.85,235.52,0.676
0,749.93,47.36,51.78,167.39,0.6417
0,429.57,122.21,45.61,152.7,0.624
0,411.74,0.24,53.87,128.84,0.556
0,561.51,114.64,54.42,169.63,0.4626
0,285.98,127.05,59.0,155.25,0.4504
0,472.12,1.95,51.0,123.35,0.3701
0,358.92,0.0,41.7,118.25,0.3671
