0,1627.37,155.72,67.82,180.16,0.8844
0,311.87,353.39,70.83,211.58,0.8786
0,393.48,530.18,88.02,243.0,0.8637
0,1307.47,887.38,82.42,192.22,0.8616
0,1713.53,453.79,90.31,211.87,0.8529
0,808.38,143.6,55.16,173.57,0.8177
0,849.42,930.82,62.23,148.98,0.8065
0,1571.09,592.64,103.18,233.58,0.7888
0,1112.33,1.2,44.65,99.61,0.7881
0,482.65,120.25,53.93,180.31,0.7814
0,1392.48,861.95,92.59,217.69,0.7753
0,1481.35,5.26,57.32,136.53,0.7588
0,348.9,102.82,69.87,176.08,0.7276
0,230.05,213.13,72.91,195.15,0.7032
0,1109.45,1035.25,40.49,44.75,0.6801
0,418.64,132.15,55.95,163.75,0.6278
0,1196.09,1040.09,41.17,39.91,0.5977
0,749.79,78.51,53.78,141.78,0.5968
0,280.62,224.14,58.03,172.0,0.5542
0,562.1,124.63,46.29,160.53,0.4955
0,289.73,125.71,54.54,133.54,0.3877
0,352.4,4.15,52.81,128.96,0.3797
0,402.55,3.37,62.22,155.04,0.3434
0,261.43,92.24,46.14,148.54,0.3184
