0,1716.36,451.94,80.97,212.44,0.8622
0,1625.24,201.87,72.39,189.28,0.8622
0,1111.92,925.76,97.56,153.64,0.8568
0,504.86,539.22,110.81,237.32,0.8566
0,340.5,297.57,69.13,197.88,0.8512
0,324.9,995.03,95.22,83.35,0.8377
0,804.5,143.25,59.36,173.05,0.8292
0,1481.4,2.06,59.73,139.7,0.8278
0,955.11,933.65,58.98,146.35,0.8199
0,1570.71,592.12,102.59,234.53,0.7855
0,449.37,87.7,55.74,172.11,0.7199
0,1446.23,1008.52,72.32,70.66,0.7164
0,194.28,254.4,61.37,180.3,0.6954
0,357.23,84.41,66.7,196.83,0.693
0,1583.65,0.8,55.13,90.47,0.685
0,248.88,250.68,60.91,176.82,0.6488
0,282.85,125.65,57.8,169.32,0.6453
0,1194.87,938.75,84.19,140.14,0.6362
0,234.64,132.55,47.05,154.38,0.6354
0,757.46,51.42,57.22,167.01,0.622
0,1519.51,988.93,92.55,90.46,0.5439
0,483.67,20.53,54.53,204.21,0.3849
0,357.03,0.97,47.27,113.73,0.3694
0,559.87,110.56,55.44,172.11,0.3684
0,482.54,21.19,52.82,89.02,0.3635
0,261.86,1057.39,41.55,22.06,0.3383
0,423.17,1.86,52.65,120.86,0.3057
