0,288.43,505.76,78.67,225.18,0.8951
0,1093.1,606.92,84.15,251.99,0.8705
0,1026.43,627.27,72.7,233.35,0.867
0,1724.54,453.21,72.43,211.11,0.8612
0,879.66,953.03,73.41,126.74,0.8425
0,1575.39,590.61,99.84,232.78,0.7631
0,1483.63,25.63,60.27,135.06,0.7629
0,1438.01,69.12,48.21,153.42,0.7139
0,1599.3,1.04,45.67,122.45,0.6879
0,439.91,227.94,59.95,180.48,0.6781
0,395.75,236.1,51.3,167.35,0.6769
0,473.22,89.81,61.89,174.97,0.6513
0,548.15,112.91,58.2,177.24,0.6421
0,279.1,171.3,59.3,187.45,0.6376
0,782.13,125.66,52.26,181.32,0.6137
0,423.13,92.17,52.98,157.35,0.5954
0,364.18,108.08,46.37,170.55,0.4136
0,339.67,185.28,47.56,171.34,0.3604
0,1068.14,0.37,24.75,44.62,0.3476
0,255.73,92.61,52.14,126.98,0.3272
0,313.22,0.5,48.59,105.03,0.3051
