0,838.42,947.79,84.5,131.57,0.8925
0,1122.16,722.74,80.3,249.55,0.88
0,1715.59,453.27,86.89,210.79,0.8588
0,296.12,440.7,71.83,219.48,0.8487
0,454.42,559.6,85.8,247.27,0.8396
0,1194.72,706.77,95.56,259.86,0.8226
0,1573.32,589.33,101.11,235.89,0.775
0,332.91,200.95,53.89,166.85,0.7588
0,468.86,179.76,59.1,180.96,0.7399
0,780.25,133.68,54.68,173.81,0.7217
0,886.34,1.56,69.76,73.26,0.6825
0,409.58,193.35,52.8,164.44,0.6505
0,1486.15,9.53,58.33,120.75,0.6344
0,258.6,182.83,57.84,196.52,0.5516
0,285.52,124.57,58.35,167.76,0.4526
0,744.76,82.77,45.38,100.83,0.3603
0,252.55,89.41,57.68,86.89,0.3146
0,217.7,131.9,63.68,155.29,0.3131
