0,288.43,490.52,76.62,227.95,0.8932
0,873.59,958.56,88.18,121.44,0.872
0,1725.37,452.57,72.32,211.77,0.8623
0,1114.55,632.35,84.25,250.4,0.8462
0,1048.75,649.7,72.63,248.05,0.846
0,568.71,573.28,61.4,244.16,0.8234
0,1574.5,589.56,99.81,233.69,0.7685
0,445.66,209.51,63.58,186.26,0.7297
0,1581.24,0.29,43.58,96.96,0.6695
0,388.16,226.34,62.14,169.79,0.6679
0,1444.33,73.93,48.3,157.99,0.6513
0,1488.47,9.07,54.08,143.77,0.6303
0,277.8,171.5,54.33,188.4,0.6155
0,808.11,0.85,59.24,64.04,0.5448
0,741.11,40.37,57.17,149.8,0.5278
0,325.73,187.04,58.26,173.14,0.5097
0,468.28,60.18,66.57,184.22,0.4898
0,417.92,78.38,53.88,157.68,0.486
0,786.34,133.48,53.96,170.19,0.4426
0,352.59,100.99,60.53,183.73,0.3763
0,544.96,122.34,62.19,166.74,0.3222
