0,1050.85,651.38,75.48,247.11,0.8764
0,873.48,958.42,87.52,121.58,0.875
0,289.87,486.4,75.76,226.93,0.872
0,1113.03,635.49,92.89,252.76,0.8655
0,1725.0,451.04,71.6,213.27,0.8628
0,560.32,573.49,66.05,243.2,0.8285
0,1573.21,589.44,101.44,234.57,0.7753
0,445.51,206.11,64.0,184.98,0.7189
0,1487.97,17.08,56.68,131.81,0.7152
0,276.81,172.4,55.64,186.51,0.6579
0,389.07,220.37,61.13,171.29,0.6473
0,1440.1,75.35,54.06,160.38,0.6173
0,783.59,127.02,57.59,176.82,0.5932
0,1578.28,0.99,39.07,97.2,0.5784
0,325.3,188.33,59.12,171.33,0.4994
0,416.87,78.42,52.53,156.41,0.4876
0,546.32,116.97,59.75,172.09,0.4316
0,468.65,67.75,62.07,181.93,0.4259
0,741.81,40.53,56.51,146.96,0.4035
0,347.27,94.56,65.86,188.98,0.3608
0,809.12,1.31,57.96,64.04,0.3167
