0,1082.71,594.7,83.88,245.08,0.897
0,286.82,521.23,75.31,234.01,0.8907
0,1725.16,453.06,71.46,211.0,0.8605
0,1013.29,617.05,74.0,246.53,0.8449
0,882.74,945.25,60.93,134.25,0.8154
0,1482.06,28.39,58.48,145.48,0.7883
0,1610.77,0.0,46.79,124.09,0.7828
0,1575.04,587.11,100.61,237.9,0.7794
0,437.58,231.22,63.01,191.18,0.6702
0,1433.18,61.17,60.05,150.88,0.5986
0,277.83,170.06,59.02,189.11,0.5937
0,475.8,84.3,59.99,180.44,0.5745
0,396.55,241.22,50.36,173.29,0.5596
0,422.17,93.23,53.36,161.77,0.5505
0,549.29,112.14,64.45,178.94,0.5395
0,782.68,126.75,45.75,181.09,0.5148
0,345.21,188.84,47.25,167.75,0.4712
0,1067.97,1.82,33.77,44.97,0.4575
