0,300.72,454.83,79.51,219.51,0.9007
0,1714.51,453.27,84.23,210.95,0.8787
0,1097.39,697.52,74.94,237.76,0.8763
0,862.28,953.47,82.79,126.53,0.8667
0,1167.17,671.48,82.93,258.19,0.8547
0,499.2,567.54,70.28,246.85,0.8219
0,1573.74,592.55,101.78,232.39,0.7743
0,787.2,134.56,54.72,169.67,0.7525
0,332.67,198.23,53.39,168.31,0.7513
0,402.68,207.46,52.65,158.69,0.7416
0,456.93,188.91,64.33,186.43,0.7373
0,265.92,182.57,59.32,191.18,0.6346
0,1494.69,8.61,60.22,125.53,0.6279
0,449.61,47.37,60.01,166.79,0.6239
0,403.2,64.42,46.97,146.16,0.5817
0,873.05,1.94,39.84,69.64,0.5422
0,286.89,122.6,56.53,169.4,0.4649
0,351.72,93.93,62.14,188.7,0.4337
0,252.98,88.9,52.0,95.27,0.4031
0,1455.13,91.71,53.77,162.33,0.3706
0,231.24,133.23,55.79,155.09,0.3225
0,1594.98,91.36,51.44,172.11,0.3158
