0,836.39,947.19,83.39,132.27,0.8832
0,294.45,430.32,74.79,214.37,0.8733
0,1134.24,738.47,82.11,244.82,0.8621
0,444.31,553.91,65.84,250.73,0.8564
0,1716.44,451.53,87.29,213.09,0.8525
0,1220.58,710.26,80.43,258.43,0.7997
0,329.64,201.3,56.62,173.38,0.7891
0,1582.14,594.74,93.72,228.69,0.7618
0,917.0,0.92,40.06,74.52,0.7369
0,474.59,174.39,56.49,180.94,0.7304
0,776.83,135.1,57.88,175.08,0.7153
0,396.6,187.6,67.72,159.49,0.6742
0,256.97,193.5,55.97,185.66,0.6058
0,284.19,125.58,60.31,167.06,0.5689
0,433.45,40.94,60.9,148.61,0.521
0,1477.02,9.71,62.69,123.29,0.4702
0,1601.86,105.69,53.99,166.83,0.4624
0,744.79,48.02,41.01,66.15,0.3028
