0,301.05,466.05,78.4,224.84,0.8912
0,868.52,954.79,83.98,125.05,0.8843
0,1156.62,668.11,89.62,258.57,0.881
0,1715.98,452.87,80.63,211.61,0.8748
0,517.58,568.73,74.9,243.08,0.8679
0,1082.29,683.09,80.69,248.73,0.8519
0,1570.79,591.66,105.33,231.5,0.7661
0,459.6,193.08,58.96,185.69,0.7618
0,402.61,208.46,51.95,168.38,0.7298
0,787.78,134.26,54.87,171.1,0.7023
0,454.02,47.42,63.81,173.12,0.6856
0,269.93,179.67,55.8,191.47,0.6849
0,1451.79,85.18,59.74,157.25,0.6615
0,405.05,63.87,51.52,158.65,0.61
0,350.6,94.81,64.22,183.57,0.6018
0,1494.0,8.39,55.95,123.07,0.5635
0,330.15,194.47,51.71,171.54,0.5476
0,848.2,1.55,62.81,68.11,0.4574
0,1593.22,89.62,45.7,83.79,0.3751
0,745.19,43.08,51.35,142.48,0.3323
0,254.91,90.5,48.62,120.39,0.331
0,542.14,112.25,73.22,177.13,0.3307
0,1582.92,90.41,57.85,171.81,0.3095
