0,1714.71,453.54,89.09,210.68,0.8553
0,1204.83,799.09,84.61,253.3,0.8528
0,844.85,934.37,86.13,145.25,0.8528
0,392.82,543.53,60.16,238.34,0.8457
0,293.15,395.57,72.8,217.07,0.8407
0,1284.51,780.25,103.35,266.83,0.81
0,482.4,146.9,56.27,183.87,0.7445
0,1574.59,590.71,100.35,234.03,0.7386
0,988.9,1.94,65.62,80.32,0.6903
0,794.42,139.31,51.36,171.49,0.6645
0,307.66,204.91,53.65,174.07,0.6417
0,260.88,196.49,52.69,191.72,0.6405
0,1478.84,0.3,58.58,135.23,0.5918
0,411.65,162.97,64.31,160.71,0.5844
0,1602.64,127.27,64.8,174.83,0.5584
0,405.39,17.28,67.29,170.48,0.5114
0,559.71,134.38,55.46,149.13,0.4081
0,753.21,76.14,50.2,142.06,0.4036
