0,288.12,513.4,76.68,232.73,0.9053
0,1016.49,619.46,76.79,241.57,0.8712
0,1724.39,451.54,72.4,212.41,0.863
0,1086.49,601.15,88.23,251.88,0.8565
0,883.35,950.24,63.81,129.3,0.8352
0,1483.48,25.42,58.27,139.35,0.8012
0,1578.31,588.77,97.14,234.58,0.7569
0,1607.4,0.27,44.73,124.7,0.7468
0,437.07,227.73,63.97,182.19,0.6786
0,1437.15,64.27,52.89,154.79,0.6338
0,783.62,126.3,44.88,181.16,0.6082
0,278.02,170.59,59.74,188.84,0.5873
0,474.77,88.98,63.48,177.13,0.5843
0,422.39,93.19,53.15,156.1,0.5743
0,548.74,112.12,60.03,178.86,0.5183
0,398.93,240.31,49.8,173.47,0.4935
0,343.18,188.9,45.58,169.97,0.4527
0,365.52,108.1,44.01,169.28,0.3997
0,1574.49,58.06,44.2,84.6,0.3555
0,787.46,0.69,40.55,63.89,0.3415
0,313.56,0.55,46.53,103.8,0.3355
