0,847.46,941.83,83.15,137.79,0.8916
0,298.48,414.22,73.78,218.91,0.8717
0,1714.99,453.92,89.01,210.36,0.8558
0,1171.48,767.58,77.19,247.3,0.8555
0,400.63,552.84,85.15,240.05,0.8257
0,1246.92,744.28,86.53,268.81,0.8179
0,1567.28,590.27,107.2,234.38,0.8077
0,1600.35,118.4,55.46,178.69,0.7456
0,476.49,164.61,57.71,173.37,0.7395
0,314.29,203.6,62.88,170.72,0.7093
0,418.19,181.33,51.84,155.6,0.703
0,783.05,138.53,53.07,171.73,0.6638
0,260.44,193.38,55.64,192.88,0.6603
0,962.04,1.2,40.11,77.67,0.6335
0,1477.63,1.7,56.2,130.0,0.5337
0,419.68,24.78,59.03,173.19,0.4484
0,285.92,123.91,57.77,114.28,0.4263
0,221.01,133.72,64.11,155.94,0.4087
0,550.65,122.81,59.94,163.85,0.3749
0,464.37,1.82,49.26,144.39,0.361
0,684.42,279.05,51.74,127.27,0.3424
0,350.52,89.68,66.55,189.49,0.3413
