0,1190.51,790.54,88.64,259.28,0.8844
0,850.93,933.91,82.4,145.84,0.8696
0,976.77,0.5,78.1,81.78,0.8602
0,1714.88,452.69,89.26,211.65,0.8541
0,393.17,546.79,73.39,236.53,0.8404
0,297.25,399.43,70.11,215.43,0.839
0,1573.87,589.49,101.8,235.54,0.8312
0,1273.12,773.81,102.48,266.13,0.809
0,482.46,154.4,54.42,181.83,0.773
0,792.26,139.07,49.28,171.52,0.6634
0,1477.99,0.12,58.9,135.95,0.6346
0,410.7,174.89,63.28,155.46,0.6207
0,259.78,193.1,56.74,194.41,0.6094
0,307.91,201.09,56.2,175.33,0.5652
0,1603.4,124.52,61.88,175.77,0.483
0,408.52,27.97,64.45,164.69,0.4559
0,751.12,76.62,51.54,141.09,0.3743
0,746.41,81.69,35.94,103.32,0.3191
0,254.54,90.72,50.02,119.42,0.3123
