0,287.38,517.9,75.93,231.96,0.9001
0,1083.3,597.1,86.56,249.81,0.8949
0,1725.07,451.32,72.34,212.89,0.8646
0,1014.49,617.58,74.58,246.67,0.8562
0,883.18,946.13,62.06,133.39,0.831
0,1482.47,26.67,58.07,146.12,0.8037
0,1609.44,0.25,46.82,124.42,0.7821
0,1574.85,589.59,99.67,236.99,0.777
0,1437.52,62.47,54.67,153.78,0.6525
0,437.61,227.04,61.42,192.03,0.6311
0,476.43,84.4,58.95,179.89,0.6013
0,783.01,126.37,45.3,181.28,0.5877
0,278.25,170.43,59.23,187.87,0.584
0,399.82,242.69,47.52,171.08,0.5263
0,422.61,92.42,52.62,158.41,0.5232
0,548.86,112.25,63.58,178.96,0.5171
0,345.05,186.62,46.75,170.31,0.4668
0,787.48,1.24,40.04,63.04,0.3404
