0,288.37,511.45,76.84,232.39,0.8997
0,1020.24,620.01,74.64,243.1,0.8811
0,1725.3,452.47,71.78,212.2,0.8651
0,1088.49,603.39,87.48,251.14,0.8512
0,882.44,950.6,65.15,129.25,0.8456
0,1483.39,25.11,59.93,140.45,0.7801
0,1579.95,593.99,94.52,229.54,0.7585
0,1606.29,0.55,44.51,122.39,0.7376
0,476.8,94.83,60.57,169.85,0.6849
0,437.92,227.45,62.74,180.99,0.655
0,1439.6,65.26,48.99,153.6,0.651
0,548.72,112.51,58.97,178.33,0.629
0,278.35,170.71,59.88,188.34,0.6046
0,422.09,92.33,53.58,155.06,0.5975
0,784.49,125.83,45.4,181.21,0.5871
0,396.23,236.85,49.75,173.43,0.5291
0,364.52,108.3,45.64,170.73,0.4284
0,342.16,187.35,46.04,170.71,0.3528
0,1575.97,57.91,44.73,86.58,0.3513
