0,289.41,498.67,77.25,233.6,0.8904
0,1035.79,637.9,72.1,237.66,0.8694
0,1724.98,450.64,72.0,213.23,0.867
0,876.84,956.29,80.83,123.71,0.8546
0,1103.06,612.9,75.09,244.93,0.8531
0,586.73,577.44,65.01,240.34,0.7911
0,1570.57,590.58,104.61,231.88,0.7733
0,1440.28,67.65,48.03,157.14,0.765
0,1486.77,25.01,56.05,128.5,0.7636
0,389.06,231.04,58.41,167.41,0.7378
0,783.57,124.96,50.32,179.27,0.7212
0,441.83,218.58,65.13,187.74,0.7092
0,1589.15,1.1,44.34,100.35,0.6745
0,471.36,71.14,64.28,184.33,0.67
0,277.9,170.75,56.79,188.35,0.6577
0,544.4,111.16,60.87,177.61,0.6452
0,805.38,0.51,46.65,63.87,0.5876
0,422.34,85.13,54.67,159.36,0.5484
0,330.18,186.43,55.43,172.96,0.509
0,1065.23,1.07,24.82,34.96,0.4588
0,358.9,105.69,52.66,178.16,0.4102
0,740.22,41.13,57.6,146.52,0.37
