0,849.48,939.08,83.62,140.41,0.8924
0,297.91,409.22,73.8,218.8,0.8843
0,1715.26,453.31,88.47,210.55,0.8629
0,1173.96,772.94,78.61,252.15,0.8413
0,1251.21,746.26,90.14,265.04,0.8338
0,395.9,551.39,92.29,240.72,0.8294
0,1566.84,588.38,108.34,236.3,0.7854
0,971.39,1.83,35.97,77.65,0.7113
0,467.24,163.14,66.82,173.47,0.7097
0,1602.76,121.85,55.31,177.29,0.7026
0,782.8,137.22,52.83,172.03,0.6836
0,311.56,202.9,64.57,171.85,0.6338
0,260.36,193.82,57.47,191.29,0.6199
0,550.8,109.46,61.3,176.32,0.5904
0,419.96,180.52,51.35,152.28,0.5749
0,465.63,2.37,53.21,148.03,0.4862
0,1478.34,2.5,55.27,131.8,0.4057
0,284.03,123.55,58.89,111.65,0.3714
0,417.78,24.9,59.19,176.46,0.3663
