0,288.66,498.65,76.9,234.0,0.8777
0,1725.31,452.1,71.63,211.96,0.8646
0,1038.45,641.28,69.46,235.66,0.8562
0,875.83,955.95,82.54,124.05,0.849
0,1104.53,614.41,76.48,244.74,0.8365
0,582.86,575.43,64.86,241.15,0.8208
0,1570.16,589.96,104.33,233.73,0.7873
0,781.81,122.83,52.49,180.36,0.7633
0,1486.74,24.48,55.92,128.79,0.7549
0,1440.53,67.56,47.29,157.11,0.7256
0,441.02,217.06,66.03,189.89,0.7205
0,389.02,228.41,57.97,169.99,0.7093
0,1587.08,0.93,45.98,97.64,0.6945
0,470.46,69.97,64.92,183.84,0.6268
0,278.04,170.68,56.21,187.3,0.5918
0,544.19,112.66,61.93,176.86,0.5664
0,421.96,83.05,58.42,162.87,0.5291
0,740.94,41.05,58.43,146.94,0.4135
0,329.29,186.98,54.22,171.87,0.4089
0,1519.16,1.03,37.1,83.72,0.4082
0,1062.83,1.06,28.85,31.57,0.4045
0,806.19,0.04,52.47,63.87,0.3461
0,359.9,105.39,52.27,176.97,0.3338
