0,291.5,475.34,77.54,224.66,0.8852
0,527.22,573.59,93.27,241.55,0.8806
0,871.08,957.04,86.61,122.88,0.8672
0,1723.81,452.76,73.16,211.87,0.8605
0,1064.21,668.05,80.01,234.24,0.8605
0,1142.82,643.46,75.49,243.63,0.8396
0,1571.74,589.51,104.47,233.46,0.7817
0,787.01,130.62,55.41,174.26,0.7393
0,458.04,207.51,54.13,184.17,0.737
0,1490.02,17.39,54.01,126.39,0.6843
0,463.41,56.57,59.86,167.1,0.6487
0,388.49,213.8,63.67,163.67,0.6481
0,1444.36,80.42,59.17,158.82,0.6343
0,277.22,178.5,52.54,184.15,0.6297
0,326.71,191.05,57.86,168.7,0.6039
0,1575.16,76.54,56.27,98.9,0.4477
0,411.55,73.98,52.47,160.94,0.4409
0,741.44,42.32,56.71,149.51,0.4095
0,834.81,1.5,39.43,62.04,0.4031
0,348.15,94.01,64.47,195.18,0.4005
0,254.52,90.81,50.17,113.96,0.3196
0,545.64,124.62,69.22,165.15,0.3133
