0,851.8,934.47,82.51,145.53,0.8753
0,1186.92,786.76,86.67,262.06,0.8635
0,1713.3,452.75,91.06,211.34,0.8563
0,393.66,545.65,81.54,237.48,0.8457
0,297.67,401.0,71.02,213.47,0.8362
0,977.45,1.38,74.63,79.79,0.8291
0,1572.32,589.98,102.56,234.44,0.8195
0,1274.51,768.23,91.3,255.45,0.8072
0,480.34,156.38,56.64,180.79,0.7341
0,409.63,176.6,61.1,153.65,0.6141
0,260.41,193.81,57.15,191.78,0.6085
0,791.57,138.69,47.97,171.15,0.6053
0,1599.75,122.95,64.77,177.71,0.5351
0,310.18,201.11,57.75,175.4,0.4781
0,1477.68,1.73,60.49,134.97,0.4483
0,751.67,76.36,51.2,141.47,0.3954
0,410.89,27.25,62.64,153.07,0.3662
0,1429.05,1.08,30.36,44.66,0.3522
0,353.02,104.43,63.3,175.48,0.3505
