0,1153.42,663.0,89.18,259.93,0.8922
0,298.92,468.29,78.6,228.59,0.891
0,869.49,955.93,85.19,123.96,0.8729
0,1718.36,453.55,78.62,211.09,0.8666
0,519.92,569.37,93.49,244.51,0.8516
0,1079.83,680.71,78.34,250.97,0.8433
0,1571.59,596.95,103.67,225.95,0.7838
0,459.3,196.88,57.93,185.71,0.7411
0,271.24,177.13,57.28,194.08,0.7315
0,400.51,211.0,52.39,167.42,0.7069
0,1447.57,83.32,59.63,158.5,0.6961
0,789.46,133.55,53.83,172.26,0.6495
0,846.7,1.71,62.63,65.96,0.6419
0,328.93,195.6,52.91,170.04,0.6055
0,405.14,66.24,52.23,155.62,0.5917
0,1493.31,13.27,57.42,120.95,0.5872
0,455.61,48.94,64.45,149.41,0.5638
0,1580.04,87.67,57.62,173.51,0.4994
0,350.34,94.92,62.99,183.06,0.4805
0,1585.84,86.69,50.82,86.8,0.3898
0,540.74,111.77,76.64,177.12,0.3199
0,254.3,91.48,49.12,131.72,0.3198
