0,291.66,386.28,76.01,216.66,0.8609
0,1599.82,132.51,68.3,181.14,0.8591
0,839.68,934.0,82.52,145.57,0.8564
0,1714.95,453.64,88.66,210.12,0.8503
0,1217.77,813.92,85.21,259.69,0.8448
0,390.62,542.77,60.2,240.47,0.8423
0,1309.77,784.77,85.46,267.06,0.8029
0,1019.6,1.25,39.29,82.05,0.7561
0,485.02,145.98,54.77,174.18,0.7557
0,1573.9,590.55,101.04,233.92,0.7476
0,1480.25,1.37,58.02,138.69,0.7179
0,307.56,208.24,53.2,173.02,0.6746
0,259.21,198.25,53.65,190.52,0.6745
0,411.14,157.75,68.86,161.74,0.6397
0,797.42,139.18,51.87,170.97,0.5943
0,886.58,1.67,36.79,60.88,0.5213
0,748.38,76.27,55.14,142.18,0.4544
0,405.56,20.45,62.88,162.09,0.4419
0,561.9,135.85,53.36,148.28,0.4385
0,684.83,281.23,51.19,125.79,0.3779
0,1397.36,0.88,52.85,44.16,0.3353
