0,297.3,470.0,78.64,229.09,0.8866
0,1150.78,660.13,87.15,260.1,0.8785
0,1720.56,453.2,76.24,211.2,0.8683
0,520.11,570.1,99.02,244.21,0.8676
0,869.43,955.99,85.76,123.89,0.8597
0,1077.66,679.32,77.83,252.09,0.8595
0,1445.6,82.65,62.36,158.55,0.7662
0,399.41,214.1,53.39,164.58,0.765
0,460.1,202.04,56.31,181.74,0.7435
0,271.48,175.47,57.3,194.46,0.7333
0,1579.07,596.76,96.79,225.58,0.721
0,787.96,132.92,54.83,172.67,0.7202
0,456.89,51.46,66.8,163.29,0.6485
0,405.56,67.91,54.06,159.05,0.6077
0,328.77,194.22,52.61,171.72,0.53
0,350.66,94.74,65.19,181.27,0.4989
0,1493.48,15.71,55.78,116.75,0.4848
0,846.88,2.16,58.38,65.27,0.4831
0,1581.26,85.79,54.52,86.45,0.4277
0,254.37,91.74,48.76,118.78,0.302
