0,853.65,935.15,81.0,144.85,0.8905
0,1183.46,784.4,84.95,263.25,0.8762
0,1714.22,452.07,89.85,211.2,0.8581
0,391.97,547.24,92.65,238.91,0.8562
0,297.68,401.66,72.38,208.58,0.8556
0,1272.32,761.43,84.64,249.59,0.8357
0,1572.95,589.54,102.38,235.74,0.8096
0,976.33,1.83,66.04,77.13,0.7399
0,472.37,159.05,63.68,178.82,0.7374
0,790.54,138.72,47.42,170.9,0.6772
0,260.35,193.37,57.73,191.72,0.6256
0,410.83,174.5,60.28,156.83,0.6035
0,1477.35,1.21,58.82,134.34,0.5943
0,310.12,203.59,62.12,172.07,0.5729
0,554.71,120.96,60.31,164.68,0.4785
0,1598.56,121.77,64.02,179.35,0.4318
0,1429.25,1.27,36.71,46.41,0.4311
0,412.62,25.86,63.38,164.41,0.401
0,752.14,75.76,50.92,143.71,0.3617
0,348.21,88.42,67.76,188.92,0.3266
