0,846.43,941.97,82.94,137.87,0.8917
0,1169.56,766.12,77.73,241.55,0.8708
0,297.99,415.75,74.16,218.36,0.8669
0,1715.01,453.66,88.76,210.72,0.8522
0,1244.29,744.51,86.89,266.32,0.8318
0,401.98,552.78,86.58,240.64,0.831
0,1567.28,589.76,106.98,234.83,0.8052
0,1599.04,118.02,56.22,178.44,0.7283
0,783.39,138.06,52.83,173.07,0.709
0,418.16,185.43,51.2,152.7,0.7056
0,314.07,203.17,63.95,170.7,0.7032
0,947.77,1.2,55.1,77.99,0.6909
0,468.71,165.23,64.71,178.62,0.688
0,259.44,191.5,56.86,194.08,0.6521
0,1457.5,1.47,77.67,131.94,0.4692
0,423.19,25.49,56.65,131.57,0.3673
0,284.55,122.81,57.9,114.17,0.3441
0,220.65,133.08,64.41,154.56,0.3379
0,748.77,75.59,52.24,142.91,0.3342
0,353.64,90.65,63.71,189.92,0.3042
