0,293.7,472.66,77.86,227.48,0.8892
0,525.14,572.12,92.54,243.53,0.8808
0,869.88,956.46,86.13,123.54,0.8669
0,1722.73,453.31,74.39,211.36,0.8592
0,1072.53,676.44,76.95,249.97,0.8425
0,1145.75,651.48,86.77,238.99,0.8278
0,1446.36,81.7,59.56,158.72,0.7898
0,1573.24,590.07,103.08,233.45,0.7582
0,785.18,132.26,58.08,173.61,0.7412
0,273.79,176.13,55.94,190.46,0.7341
0,396.04,214.07,57.35,165.55,0.7118
0,458.99,200.11,53.95,192.57,0.7093
0,326.49,192.35,57.01,169.09,0.6784
0,1580.83,80.59,51.7,93.89,0.5449
0,407.73,71.98,54.82,160.29,0.519
0,349.13,93.91,63.29,188.73,0.438
0,460.28,59.23,72.23,156.68,0.3854
0,254.66,91.73,49.66,113.8,0.3736
0,547.45,129.93,63.23,159.48,0.3176
