0,837.41,947.82,84.46,131.51,0.8908
0,1124.37,724.83,80.34,247.93,0.8752
0,1715.8,453.02,87.4,210.83,0.863
0,295.38,437.73,72.77,221.39,0.848
0,453.42,559.34,77.26,248.31,0.8272
0,1202.11,705.75,90.53,263.12,0.7975
0,332.26,200.78,53.82,168.57,0.7595
0,1572.1,589.72,103.49,235.34,0.7566
0,470.41,176.17,58.91,181.28,0.746
0,778.82,134.25,56.05,173.0,0.696
0,403.84,191.22,59.6,165.89,0.659
0,893.34,0.0,61.42,74.77,0.5181
0,257.84,184.17,59.23,195.31,0.507
0,1484.68,5.62,57.95,123.51,0.4948
0,285.1,124.12,59.72,169.6,0.4816
0,744.9,80.89,46.53,103.01,0.3444
0,385.77,51.23,52.45,219.03,0.3302
0,434.18,44.03,64.07,94.79,0.3099
