0,851.05,938.29,82.72,141.24,0.8932
0,297.77,408.15,73.3,215.71,0.8808
0,1175.6,775.48,80.56,262.09,0.8668
0,1714.64,453.29,89.52,210.29,0.86
0,1255.28,747.37,86.54,263.15,0.853
0,394.71,551.2,98.15,240.32,0.8451
0,1566.95,588.13,107.99,237.01,0.814
0,1603.05,122.0,54.61,177.44,0.7668
0,468.96,163.2,65.75,175.1,0.7476
0,974.82,2.37,38.29,77.31,0.7288
0,310.58,203.24,64.74,171.43,0.6888
0,782.38,138.59,53.51,169.56,0.6748
0,260.54,192.86,54.26,192.88,0.6101
0,551.79,113.71,61.11,171.91,0.6071
0,1478.43,2.49,57.85,128.9,0.5112
0,413.31,25.68,65.05,179.91,0.4278
0,422.72,183.03,48.64,148.45,0.3601
0,1448.36,0.03,26.75,61.05,0.3527
0,351.92,88.47,63.92,191.36,0.3358
0,284.17,123.81,58.21,110.83,0.3262
0,465.37,2.66,51.58,149.03,0.3207
