0,290.42,480.58,76.33,221.38,0.8888
0,872.8,957.74,87.41,122.26,0.8785
0,1055.49,657.15,76.18,241.54,0.8761
0,1725.2,450.96,71.97,213.1,0.8575
0,1125.31,637.28,85.22,250.33,0.8513
0,543.96,573.04,78.95,242.8,0.8311
0,1575.22,590.58,99.78,232.32,0.7818
0,1489.11,18.59,54.95,127.43,0.7473
0,454.94,204.34,54.75,187.33,0.7146
0,786.0,127.83,56.65,176.12,0.7017
0,387.18,214.2,67.96,174.41,0.6895
0,1441.29,78.31,55.06,154.7,0.6804
0,278.73,174.32,51.86,187.81,0.5893
0,325.52,188.59,62.57,171.37,0.5265
0,466.01,57.99,59.3,166.0,0.4533
0,416.05,77.92,50.49,157.05,0.4471
0,1576.28,1.71,38.76,86.63,0.4345
0,347.8,93.87,64.59,190.8,0.4328
0,548.12,123.08,59.35,165.76,0.3775
0,741.22,41.33,58.34,148.71,0.3661
0,1574.64,74.56,56.97,99.47,0.3125
0,254.68,90.38,50.77,115.56,0.3039
