0,999.37,497.06,77.16,232.65,0.8941
0,923.73,516.7,65.87,222.35,0.8759
0,266.87,608.66,84.19,246.77,0.8724
0,1720.06,453.2,76.78,211.45,0.8671
0,871.13,945.87,80.77,133.92,0.8528
0,798.29,138.38,72.22,173.66,0.8216
0,1469.1,64.31,57.21,151.3,0.8009
0,1666.89,30.04,52.4,152.48,0.7617
0,435.34,289.04,61.15,196.44,0.759
0,340.53,299.24,80.49,174.46,0.7586
0,1582.76,595.87,93.7,228.56,0.7558
0,1412.06,24.89,49.16,155.29,0.7539
0,1499.44,15.37,60.88,118.39,0.6463
0,469.34,126.41,63.39,200.23,0.6256
0,1072.25,0.0,60.71,116.76,0.5979
0,1577.13,6.78,39.97,121.45,0.5334
0,298.57,164.35,72.23,190.22,0.5228
0,417.96,142.97,53.44,167.14,0.4467
0,230.93,133.65,58.34,161.25,0.4262
0,478.76,1.03,52.89,109.14,0.3811
0,555.67,113.3,62.62,175.84,0.3578
0,356.66,172.43,45.57,153.99,0.3095
