0,982.87,481.27,88.63,229.42,0.8892
0,272.65,621.27,85.28,246.14,0.8873
0,1719.38,453.26,78.03,211.71,0.8647
0,908.96,501.05,66.58,220.1,0.8521
0,886.97,943.36,74.39,136.64,0.8413
0,798.64,139.37,70.51,170.83,0.8118
0,430.02,299.68,64.61,190.0,0.8031
0,1411.1,15.91,50.0,148.88,0.7909
0,1572.54,589.89,104.2,234.7,0.7819
0,343.61,312.94,75.58,179.5,0.78
0,1088.25,0.0,56.52,134.99,0.772
0,1681.92,42.58,48.35,164.21,0.7657
0,1476.38,72.02,52.67,147.23,0.7329
0,1385.24,998.3,89.75,81.3,0.7264
0,1578.36,19.15,49.88,123.3,0.6884
0,469.79,139.08,67.13,188.33,0.6781
0,419.05,155.44,48.71,162.92,0.5742
0,301.98,164.0,71.53,190.32,0.5172
0,1509.21,3.68,48.95,129.4,0.5009
0,477.61,0.48,53.04,121.27,0.451
0,557.8,137.31,60.58,149.83,0.3792
0,739.31,42.78,56.55,143.68,0.3515
0,229.19,131.75,57.25,161.95,0.3458
0,281.84,124.21,51.67,162.78,0.339
