0,295.84,671.18,92.16,249.08,0.8773
0,965.86,431.22,77.72,221.3,0.8772
0,879.88,447.13,62.46,210.19,0.8565
0,1722.97,454.08,74.42,209.89,0.8537
0,1326.88,901.38,96.05,177.94,0.8474
0,1111.01,15.7,52.12,160.49,0.8449
0,1596.78,48.2,49.43,152.3,0.8257
0,916.36,942.9,67.29,137.1,0.8168
0,1427.16,0.0,49.22,142.78,0.8125
0,1745.77,681.68,87.64,234.54,0.8059
0,1710.61,76.33,48.3,169.42,0.7927
0,1579.57,595.72,98.04,228.97,0.7804
0,417.02,332.37,65.66,197.63,0.7321
0,1499.77,0.0,56.9,128.99,0.7165
0,800.17,138.93,64.26,172.27,0.6963
0,471.18,170.06,71.33,197.3,0.665
0,343.35,352.93,69.73,181.6,0.6143
0,307.43,169.24,65.65,184.19,0.5296
0,244.39,131.13,48.34,167.78,0.4462
0,557.63,129.56,61.72,159.05,0.4442
0,466.01,4.28,47.38,141.83,0.4013
0,395.15,186.52,45.29,167.43,0.3423
0,288.05,124.21,47.77,163.49,0.3405
