0,269.8,578.21,80.42,242.27,0.9065
0,1031.68,528.72,80.3,227.82,0.8705
0,1722.46,453.36,74.26,211.9,0.8684
0,950.58,553.97,67.04,224.53,0.8647
0,1069.28,0.25,56.62,96.84,0.8412
0,790.72,136.23,68.54,175.55,0.8396
0,868.18,944.71,72.09,135.29,0.8355
0,1477.05,49.46,54.82,149.18,0.8251
0,1641.19,8.7,77.99,162.75,0.8054
0,352.32,276.44,75.94,175.45,0.7614
0,1423.35,36.9,46.16,151.2,0.7543
0,1572.91,591.8,102.37,232.61,0.7136
0,438.9,271.05,59.09,189.49,0.6389
0,295.08,164.74,65.7,192.04,0.6016
0,555.28,115.54,62.73,172.91,0.5601
0,421.74,122.21,49.74,163.64,0.5059
0,471.85,107.94,73.79,182.59,0.4612
0,362.84,108.04,45.34,165.35,0.4136
0,735.93,40.96,57.13,147.46,0.3889
0,225.2,119.44,60.56,179.13,0.3491
