0,985.91,479.32,83.79,223.58,0.901
0,273.0,622.61,85.67,251.68,0.8942
0,1719.23,453.12,78.19,211.84,0.8667
0,908.14,498.76,66.5,217.98,0.8465
0,889.2,943.62,74.04,136.38,0.8343
0,797.91,139.1,70.92,171.28,0.8177
0,1571.58,588.9,105.26,236.38,0.792
0,1411.07,15.45,50.44,148.36,0.7765
0,1384.17,992.95,89.83,85.9,0.7763
0,1684.07,44.93,47.25,160.88,0.7638
0,429.37,300.17,63.95,193.17,0.7602
0,341.46,314.1,77.64,179.14,0.7549
0,1476.07,71.88,53.91,148.44,0.7121
0,1579.4,20.06,49.29,123.2,0.7069
0,1094.59,0.18,50.88,135.88,0.6917
0,469.25,139.53,65.4,190.42,0.6364
0,421.88,155.97,47.1,161.34,0.5576
0,302.59,164.2,70.59,190.23,0.5182
0,1087.15,0.0,27.75,122.13,0.5019
0,476.33,0.0,53.06,123.22,0.4313
0,558.01,136.43,60.63,150.85,0.4225
0,1509.75,2.88,48.39,83.41,0.4191
0,281.39,125.52,52.66,161.55,0.3697
