0,1082.23,591.05,82.25,237.91,0.8924
0,285.3,523.07,75.33,234.42,0.8725
0,1725.43,452.58,70.78,211.68,0.8666
0,1012.02,615.88,71.76,246.16,0.8456
0,883.76,944.92,59.01,134.6,0.7993
0,1610.97,0.61,49.55,125.37,0.7892
0,1480.01,29.37,59.66,146.75,0.7698
0,1575.65,590.11,98.75,235.07,0.7668
0,1428.23,59.62,63.92,155.9,0.6749
0,438.3,230.54,61.53,194.99,0.6405
0,476.47,84.48,60.38,180.47,0.607
0,782.26,126.96,46.3,181.07,0.607
0,395.85,242.25,52.65,172.48,0.5762
0,278.27,169.78,56.89,187.66,0.5566
0,422.57,93.91,54.61,162.42,0.5368
0,549.93,110.47,62.58,179.99,0.5176
0,345.76,188.84,47.87,167.43,0.4577
