0,966.18,442.86,80.61,225.16,0.8747
0,1346.59,925.65,96.92,153.13,0.8741
0,293.4,660.21,77.85,239.16,0.8688
0,1723.03,453.94,74.22,210.72,0.8534
0,887.99,459.62,65.78,218.16,0.8533
0,1103.86,5.53,56.27,155.98,0.8274
0,912.6,937.99,75.8,142.01,0.822
0,1756.31,681.54,77.08,223.49,0.8133
0,1428.6,4.51,45.71,152.52,0.809
0,798.01,138.94,66.94,172.2,0.7887
0,1580.85,592.12,96.87,232.78,0.7797
0,1484.52,88.12,45.74,149.51,0.7552
0,332.28,336.99,78.47,178.32,0.7372
0,1588.4,39.17,50.55,135.44,0.7356
0,422.2,325.93,60.45,204.0,0.6935
0,1703.01,64.21,52.28,163.66,0.6933
0,1491.61,0.0,62.61,123.85,0.6347
0,307.99,164.06,63.61,189.54,0.5585
0,470.78,174.85,67.85,184.09,0.5555
0,240.06,132.33,48.24,162.04,0.5021
0,1848.56,646.1,46.15,101.18,0.4257
0,403.52,175.48,46.21,159.57,0.4077
0,283.62,124.16,50.0,165.69,0.3513
0,468.45,0.0,44.94,137.22,0.33
