0,275.49,532.44,78.01,231.22,0.9008
0,992.71,594.18,70.74,237.74,0.887
0,1724.59,452.78,72.01,212.0,0.8647
0,1065.43,575.43,76.88,241.17,0.818
0,882.56,936.28,57.18,143.12,0.7986
0,1570.23,591.29,104.56,234.92,0.794
0,1619.61,0.0,55.1,141.54,0.788
0,1475.07,35.38,54.95,148.1,0.7751
0,434.95,239.22,63.93,189.25,0.7304
0,382.17,249.42,59.21,176.8,0.684
0,1434.25,53.28,51.04,160.27,0.6743
0,785.94,127.21,47.44,177.49,0.6662
0,1070.93,0.96,36.84,63.94,0.6376
0,278.83,167.86,58.44,188.78,0.6369
0,468.64,106.06,68.45,175.1,0.4955
0,421.84,108.19,52.89,156.21,0.4525
0,348.6,182.0,49.36,169.43,0.4129
0,550.28,123.99,67.1,165.41,0.3615
