0,989.73,492.42,94.13,234.32,0.9035
0,271.55,612.13,83.25,243.51,0.8763
0,1719.1,453.49,78.03,211.55,0.8655
0,916.82,510.44,68.26,227.62,0.8547
0,880.08,943.41,74.57,136.41,0.8484
0,798.95,138.43,70.97,172.51,0.8213
0,1573.33,589.57,103.24,235.53,0.7971
0,344.3,304.99,75.47,174.98,0.7942
0,432.48,298.03,60.82,191.59,0.7629
0,1415.51,18.22,44.83,149.2,0.7514
0,1082.84,0.0,55.49,122.1,0.7379
0,1676.08,31.32,50.68,166.81,0.7132
0,1398.2,1014.8,78.81,64.58,0.7063
0,1498.18,9.46,61.43,117.18,0.6567
0,1578.76,13.12,43.94,120.02,0.6045
0,471.38,144.6,61.5,179.29,0.5934
0,482.98,0.0,46.44,111.12,0.5287
0,1473.51,71.13,53.46,147.39,0.5177
0,422.86,150.27,50.31,162.91,0.4287
0,305.82,160.5,67.13,193.44,0.4144
0,737.25,42.54,55.87,144.0,0.3646
0,227.14,132.83,60.51,160.09,0.3635
