0,1031.67,543.35,101.36,240.15,0.9089
0,272.98,564.1,80.05,236.37,0.8938
0,1477.23,46.7,54.3,140.41,0.881
0,1723.49,453.11,73.21,212.03,0.8698
0,960.66,563.77,69.69,234.48,0.8637
0,1425.29,41.24,45.09,144.7,0.8437
0,869.38,941.23,65.8,138.77,0.8312
0,1641.05,1.95,49.07,149.44,0.7859
0,792.86,135.37,61.32,176.52,0.764
0,1573.57,588.57,102.91,234.13,0.7401
0,471.17,99.73,61.69,192.81,0.729
0,371.58,271.22,58.61,176.31,0.7125
0,432.7,261.24,64.04,188.5,0.6853
0,294.23,164.9,61.38,191.04,0.6701
0,1066.45,0.37,53.33,82.82,0.6212
0,421.47,121.42,52.4,167.75,0.6059
0,1538.31,1.74,58.61,142.54,0.598
0,554.37,110.18,65.34,179.57,0.4401
0,736.48,40.84,59.1,145.62,0.4169
0,344.68,177.86,45.19,164.36,0.4128
0,362.08,107.81,45.65,161.64,0.3662
0,497.18,1.57,38.01,87.79,0.3622
0,222.94,109.13,63.11,188.64,0.3036
