0,262.83,588.46,82.82,238.77,0.9162
0,938.5,537.64,66.92,231.79,0.8923
0,1067.93,0.57,55.67,103.06,0.8707
0,1721.65,453.06,75.15,212.01,0.8635
0,1019.72,517.53,79.38,232.87,0.8537
0,867.77,944.63,78.52,135.37,0.8473
0,1570.33,589.6,106.32,236.14,0.8345
0,1466.45,58.52,60.39,149.39,0.7923
0,796.03,137.33,71.94,173.78,0.7847
0,1416.95,31.39,50.6,148.65,0.7563
0,352.43,278.67,72.88,184.3,0.7277
0,438.43,273.79,57.83,193.92,0.6923
0,1655.48,7.2,61.87,164.9,0.6843
0,469.45,114.55,63.38,199.42,0.6032
0,1518.65,20.82,40.78,120.37,0.5226
0,556.12,113.19,62.5,174.72,0.5203
0,307.44,165.11,57.38,189.62,0.5199
0,420.79,134.39,47.45,165.81,0.5165
0,216.0,100.29,71.84,196.68,0.4884
0,736.49,41.38,56.46,147.68,0.4138
0,1572.84,2.71,37.84,130.05,0.3278
0,352.77,172.3,47.45,164.07,0.3152
