0,1078.58,586.25,78.09,233.84,0.8687
0,1009.38,611.48,70.17,239.46,0.8654
0,1724.42,452.53,72.48,211.99,0.8631
0,283.87,525.02,74.84,235.65,0.8453
0,884.02,942.84,57.49,136.93,0.8012
0,1569.92,589.43,105.64,235.63,0.8
0,1612.65,0.97,48.5,133.35,0.789
0,1479.66,32.41,56.96,147.7,0.7579
0,438.15,233.42,61.28,194.96,0.7301
0,1435.13,57.39,55.54,155.36,0.6909
0,277.99,168.93,59.79,189.52,0.6233
0,1068.74,1.16,34.58,54.69,0.5948
0,477.73,83.77,61.4,184.56,0.5912
0,387.57,243.44,60.89,171.92,0.5671
0,346.3,185.75,48.21,169.3,0.5519
0,784.78,125.58,43.94,182.29,0.5229
0,421.79,95.11,57.82,160.05,0.5026
0,549.46,122.29,63.53,168.02,0.3495
0,782.36,1.6,38.09,59.63,0.3412
