0,1030.25,538.41,99.48,241.03,0.9127
0,271.78,567.85,80.43,239.66,0.8966
0,957.11,561.62,68.91,233.41,0.8722
0,1723.34,453.37,73.61,211.83,0.8685
0,1477.36,47.3,54.23,142.57,0.8658
0,868.97,942.58,66.57,137.42,0.8317
0,1425.02,42.11,44.51,137.05,0.8185
0,791.44,136.19,64.0,176.48,0.8039
0,1574.33,588.97,101.29,234.1,0.76
0,1069.23,0.0,53.73,87.54,0.7535
0,367.16,273.23,61.61,177.92,0.7371
0,471.03,103.43,64.04,189.75,0.6953
0,434.08,262.83,61.75,186.13,0.6647
0,1640.93,3.72,50.7,156.03,0.656
0,423.45,121.79,48.93,165.94,0.5866
0,295.91,163.7,62.55,192.34,0.586
0,223.87,113.41,61.96,185.71,0.4512
0,1538.35,4.63,58.11,141.78,0.4301
0,555.06,117.07,63.83,173.01,0.4292
0,735.14,40.55,55.88,147.44,0.3598
0,362.36,108.18,45.51,162.61,0.356
0,347.26,176.86,41.14,161.0,0.3079
