0,265.01,607.01,85.03,242.65,0.8892
0,1070.09,0.38,61.17,116.29,0.8723
0,926.39,521.81,65.66,205.9,0.8705
0,1720.72,453.33,76.11,211.29,0.8648
0,1005.51,499.19,71.15,228.8,0.8473
0,869.87,945.08,81.42,134.63,0.8428
0,799.28,137.74,70.45,174.32,0.7991
0,1468.97,62.41,57.73,150.79,0.7957
0,1579.74,588.69,96.31,236.32,0.7679
0,1412.32,27.18,50.95,153.1,0.7625
0,343.87,296.5,78.43,177.35,0.7614
0,436.09,286.21,58.74,194.76,0.7498
0,1665.59,30.8,52.4,155.56,0.728
0,468.1,125.6,63.8,197.57,0.5624
0,1505.49,13.72,53.38,119.94,0.5618
0,1576.47,6.32,39.45,122.22,0.5403
0,299.34,162.84,70.95,193.48,0.4595
0,420.73,140.91,52.08,169.77,0.4312
0,234.07,134.48,54.99,161.92,0.3695
0,738.08,42.4,52.27,144.76,0.3508
