0,989.06,493.46,91.84,235.46,0.8941
0,270.24,611.44,83.19,244.99,0.881
0,919.77,512.14,67.61,227.39,0.8695
0,1719.33,453.56,77.96,211.75,0.8673
0,876.17,945.41,76.22,134.33,0.852
0,798.35,138.72,71.66,171.61,0.8282
0,1573.96,588.48,102.65,236.5,0.8007
0,1672.53,30.11,50.14,158.51,0.7888
0,338.75,300.48,82.16,173.17,0.7698
0,432.21,295.38,64.58,194.51,0.7615
0,1415.97,20.09,43.85,152.43,0.7467
0,473.2,147.52,58.32,180.94,0.6694
0,1078.87,0.32,53.18,118.0,0.611
0,1577.97,9.26,40.98,119.4,0.5587
0,1495.99,11.02,63.11,116.76,0.5291
0,482.12,0.0,49.81,105.7,0.5215
0,423.15,145.89,49.71,164.98,0.4894
0,304.98,160.65,66.06,195.38,0.4497
0,1471.41,70.71,54.02,147.74,0.4484
0,556.33,112.03,62.27,176.01,0.4309
0,226.95,132.24,61.09,160.69,0.3422
0,737.78,42.44,53.31,144.12,0.3084
