0,1034.62,546.21,98.14,244.62,0.8817
0,273.56,557.82,79.28,233.62,0.8793
0,965.9,566.91,68.86,235.89,0.8758
0,1475.64,46.43,53.45,141.06,0.8756
0,1723.66,453.71,73.16,211.61,0.8678
0,1425.88,42.05,45.82,150.99,0.8484
0,871.86,939.24,64.28,140.76,0.8375
0,1574.14,591.2,100.42,233.97,0.7648
0,1638.11,1.57,45.48,152.63,0.7491
0,794.12,134.79,60.68,176.19,0.7441
0,374.39,263.87,58.88,173.61,0.7204
0,1060.8,0.68,60.03,81.16,0.7002
0,289.58,165.17,64.78,191.98,0.7001
0,428.17,260.18,69.21,190.11,0.6754
0,470.16,100.65,61.88,197.31,0.6525
0,1534.5,0.23,62.75,143.67,0.6106
0,423.21,119.34,53.06,162.69,0.5299
0,491.41,1.6,45.03,80.85,0.427
0,364.63,106.57,43.67,159.84,0.3936
0,345.09,179.44,47.67,164.46,0.3745
0,217.28,105.28,71.35,193.4,0.3605
0,443.49,0.63,48.87,69.6,0.3383
