0,989.02,488.79,92.67,233.52,0.9146
0,272.55,614.42,83.79,241.01,0.8876
0,1719.25,452.68,78.38,212.89,0.8746
0,914.4,507.13,67.16,226.5,0.8605
0,882.52,943.63,74.21,136.35,0.855
0,345.82,307.15,73.64,178.5,0.8208
0,797.9,139.45,71.66,170.85,0.8187
0,431.73,299.48,62.2,190.87,0.7941
0,1570.57,589.36,106.25,235.34,0.7885
0,1412.71,16.78,47.55,148.72,0.7756
0,1679.27,33.72,49.31,168.91,0.7641
0,1084.46,0.0,56.0,126.41,0.735
0,1474.04,71.14,55.18,147.37,0.7064
0,1393.72,1008.42,82.04,70.73,0.6915
0,1505.16,6.45,54.55,120.74,0.6437
0,470.99,138.24,64.36,187.56,0.6233
0,1578.25,17.62,45.77,117.13,0.5972
0,420.18,153.18,50.95,164.46,0.5181
0,483.73,0.0,46.92,111.93,0.4954
0,304.88,160.97,65.64,193.09,0.4605
0,230.55,132.02,56.72,161.71,0.4113
0,737.42,42.76,57.83,144.11,0.395
0,557.53,131.06,61.27,157.2,0.3591
