0,964.2,442.39,86.98,224.98,0.893
0,1342.47,921.9,98.87,157.49,0.8824
0,1723.05,454.02,74.42,210.12,0.8534
0,885.37,458.25,66.15,220.24,0.8532
0,296.86,664.9,76.36,243.49,0.8376
0,1754.55,681.93,78.9,225.44,0.8229
0,913.94,938.2,72.2,141.8,0.8106
0,1427.86,2.98,46.86,153.14,0.809
0,1705.48,64.95,53.15,169.77,0.8063
0,1106.05,10.47,57.01,156.88,0.7748
0,798.71,138.8,65.82,172.36,0.764
0,1591.3,44.13,48.4,147.53,0.762
0,338.48,339.08,68.92,176.65,0.7595
0,1572.48,589.36,104.68,236.18,0.7576
0,1491.89,0.0,64.28,127.78,0.7186
0,421.03,330.59,63.79,198.91,0.6484
0,472.42,181.12,67.36,185.9,0.6102
0,306.66,167.03,67.89,186.2,0.5649
0,403.55,177.94,43.37,158.04,0.4442
0,557.7,124.95,62.6,162.18,0.3784
0,242.33,131.79,49.41,166.02,0.356
0,468.11,0.93,43.76,137.13,0.3274
0,1846.68,646.81,45.77,96.51,0.3215
