0,273.27,538.49,78.04,231.93,0.8899
0,989.79,590.82,67.8,237.07,0.8856
0,1725.64,452.75,71.64,212.13,0.8668
0,1065.61,571.99,71.13,239.46,0.8418
0,1474.71,34.96,53.54,147.86,0.8214
0,1570.26,589.96,104.54,234.35,0.8203
0,878.45,935.23,60.64,144.63,0.8155
0,1624.55,0.62,50.45,134.83,0.7687
0,279.06,168.03,57.76,188.45,0.7528
0,434.62,241.45,64.02,186.48,0.7456
0,1433.82,52.57,49.02,158.3,0.6799
0,380.34,254.44,59.17,176.36,0.6664
0,467.54,94.27,72.43,187.64,0.6537
0,417.41,109.18,60.63,154.05,0.6007
0,1073.04,1.01,34.38,61.82,0.5317
0,787.48,132.62,56.61,175.49,0.4499
0,346.98,181.99,44.79,167.22,0.4109
