0,263.44,591.52,83.32,236.53,0.9159
0,1066.64,0.51,58.46,107.13,0.894
0,935.26,536.83,66.86,232.69,0.8805
0,1720.91,452.76,75.74,211.64,0.8746
0,1020.98,515.58,69.84,228.38,0.8454
0,867.93,944.68,80.5,135.32,0.8445
0,1568.01,591.49,108.33,234.39,0.8239
0,1466.97,59.13,59.56,148.28,0.8187
0,796.8,138.48,71.86,175.67,0.8013
0,1412.08,30.0,55.68,150.84,0.7657
0,353.47,286.21,69.65,182.27,0.7163
0,440.13,276.32,55.76,192.64,0.7066
0,1660.15,13.6,57.1,164.43,0.6959
0,1514.34,17.28,45.18,118.93,0.5653
0,470.01,117.58,62.14,196.6,0.5078
0,420.18,138.08,47.61,160.95,0.489
0,306.85,167.41,58.45,187.71,0.4881
0,229.7,133.79,58.74,164.04,0.485
0,555.08,112.8,63.21,175.1,0.4734
0,1574.33,2.19,39.02,131.04,0.3588
0,737.04,41.58,52.96,148.0,0.3515
0,683.15,279.26,52.41,127.51,0.3061
