0,1007.4,609.43,71.3,234.4,0.8644
0,1723.88,453.35,72.77,210.47,0.8638
0,1078.6,583.05,74.67,234.56,0.8619
0,282.99,525.57,75.14,237.66,0.8579
0,883.61,943.12,57.37,136.67,0.8023
0,1572.53,588.64,103.4,236.15,0.7864
0,1477.71,32.96,57.86,148.92,0.7767
0,1611.85,1.33,50.76,133.15,0.7644
0,439.57,234.21,59.88,194.85,0.7378
0,1427.66,55.47,61.83,156.61,0.6317
0,476.01,84.19,62.19,186.19,0.6159
0,277.82,168.13,60.67,190.85,0.603
0,549.86,111.88,63.98,179.56,0.5737
0,385.23,242.77,62.45,173.23,0.5675
0,346.25,188.63,48.02,166.31,0.5607
0,422.1,96.6,56.2,163.17,0.5107
0,785.36,125.63,43.83,181.69,0.4445
0,1068.72,1.35,35.26,55.54,0.4244
