0,973.19,577.42,68.69,225.87,0.888
0,273.35,553.3,77.02,239.89,0.8821
0,1724.86,453.83,72.05,210.79,0.8652
0,1473.23,43.73,55.67,142.18,0.8594
0,1048.1,550.41,75.37,236.88,0.8572
0,874.37,935.78,63.52,144.22,0.8332
0,1429.2,44.53,46.05,151.05,0.8141
0,1571.7,591.01,103.69,232.53,0.7954
0,795.73,135.78,57.89,175.23,0.7212
0,1631.92,1.06,46.95,147.01,0.7168
0,428.56,254.86,69.49,194.21,0.7
0,372.31,262.06,62.99,175.18,0.6987
0,470.02,103.43,63.59,189.45,0.6307
0,285.32,166.97,67.14,190.94,0.6192
0,424.43,112.51,53.76,162.56,0.5516
0,1530.54,2.24,67.18,134.23,0.5248
0,1061.59,1.74,53.72,78.81,0.5084
0,225.25,127.6,61.86,169.96,0.4219
0,556.64,134.51,61.85,153.85,0.4163
0,344.13,179.77,49.94,162.06,0.3939
0,493.16,0.79,44.92,79.93,0.3472
0,363.36,107.36,44.86,152.48,0.3008
