0,967.97,443.42,78.51,226.27,0.8923
0,290.89,657.95,80.96,241.98,0.8772
0,889.72,461.24,65.31,218.77,0.87
0,1349.12,927.16,96.77,151.41,0.8685
0,1723.25,452.35,74.26,212.05,0.857
0,910.17,937.4,77.31,142.6,0.8204
0,1756.8,681.6,76.2,229.43,0.8199
0,1427.87,4.75,46.52,152.11,0.8001
0,797.68,138.96,67.34,173.08,0.7829
0,1102.71,3.75,55.11,154.72,0.7768
0,329.7,335.19,81.92,179.32,0.7743
0,1578.49,588.3,98.7,236.28,0.7702
0,1587.85,36.91,50.58,128.54,0.7427
0,1484.74,87.4,44.64,150.27,0.7354
0,423.33,322.4,62.69,203.63,0.7302
0,1701.85,59.94,52.6,167.02,0.7072
0,470.28,173.59,68.94,186.36,0.5918
0,1491.05,0.0,63.6,125.27,0.5142
0,305.91,168.17,66.5,185.65,0.4997
0,406.36,174.76,48.63,162.03,0.4626
0,467.53,0.0,45.4,136.96,0.4458
0,239.59,132.23,48.99,163.92,0.4203
0,556.88,127.4,61.33,160.86,0.3557
0,1849.22,646.83,46.34,103.86,0.3375
0,284.07,125.16,49.98,163.78,0.3016
