0,264.68,585.48,81.62,241.91,0.9177
0,943.21,540.74,65.08,230.35,0.8845
0,1721.67,453.43,74.97,210.7,0.8714
0,1072.03,0.5,50.57,98.69,0.8699
0,867.6,944.41,76.38,135.59,0.8482
0,1468.49,57.72,59.63,149.29,0.8217
0,1571.1,591.35,104.43,234.56,0.8122
0,1027.22,519.63,76.41,234.03,0.7954
0,794.62,136.45,71.82,176.02,0.7946
0,1647.74,10.83,73.05,162.93,0.7681
0,1419.37,33.65,48.51,148.26,0.7505
0,437.59,272.45,56.65,196.09,0.7264
0,350.09,275.98,78.64,178.26,0.6868
0,1574.86,8.44,31.65,120.03,0.5486
0,1524.51,28.58,35.15,101.15,0.5427
0,468.99,112.77,64.13,200.36,0.5257
0,300.91,165.22,62.0,189.55,0.522
0,417.46,130.1,52.48,168.29,0.5096
0,555.59,114.17,62.98,173.85,0.4681
0,735.95,39.84,50.26,148.27,0.4148
0,216.26,101.1,71.55,197.11,0.394
0,494.86,0.61,41.93,91.79,0.3783
