0,940.52,388.64,83.25,221.36,0.8902
0,311.31,728.4,83.69,251.05,0.885
0,1271.91,818.81,93.81,259.08,0.8761
0,1718.67,453.1,78.92,211.48,0.8686
0,906.58,955.14,74.56,124.7,0.8419
0,1621.03,77.38,51.24,160.82,0.8395
0,1127.47,49.67,52.74,161.0,0.8389
0,863.38,404.78,59.22,214.3,0.8306
0,1748.9,679.41,83.49,244.49,0.7818
0,1572.74,593.59,104.27,232.34,0.7742
0,798.53,139.37,65.73,171.81,0.7705
0,1478.19,110.86,49.4,161.51,0.7296
0,401.48,366.18,68.64,209.78,0.7253
0,1734.33,107.27,46.78,176.5,0.7006
0,1423.05,1.7,49.38,125.21,0.6879
0,452.75,207.19,65.8,196.85,0.686
0,336.29,382.87,60.19,189.59,0.665
0,1484.5,0.46,60.44,114.61,0.6504
0,310.2,168.58,64.36,185.28,0.6071
0,372.93,216.53,51.8,162.99,0.553
0,427.46,65.9,58.22,177.92,0.5307
0,488.27,199.82,41.97,179.65,0.5293
0,241.37,117.18,47.53,177.24,0.5259
0,358.66,95.1,71.85,154.05,0.4714
0,476.43,29.77,44.22,143.09,0.4606
0,282.34,124.39,54.67,164.38,0.4058
0,557.25,132.01,62.31,156.91,0.315
