0,1282.4,828.46,92.36,248.92,0.8974
0,943.09,392.47,79.34,220.76,0.8836
0,307.49,717.72,84.56,250.69,0.8824
0,1720.58,453.98,76.8,210.9,0.8635
0,1476.32,111.2,51.62,158.59,0.8514
0,905.97,955.24,75.06,124.71,0.8482
0,864.81,409.48,60.64,213.97,0.8449
0,1616.12,76.3,51.06,160.9,0.8247
0,1123.82,46.89,56.7,158.13,0.8161
0,326.69,373.41,70.75,182.9,0.7816
0,1575.19,593.58,101.65,232.31,0.7802
0,798.31,139.28,67.37,172.11,0.773
0,1757.47,677.71,74.96,251.31,0.749
0,1488.96,1.15,55.88,123.84,0.745
0,1731.25,104.74,46.77,176.29,0.7434
0,407.28,362.7,59.44,208.94,0.7281
0,456.27,210.05,62.97,181.53,0.7043
0,1423.62,0.77,52.18,126.26,0.6866
0,309.37,168.64,60.37,185.29,0.5962
0,241.33,133.22,46.93,162.85,0.5793
0,425.66,70.71,55.86,170.68,0.552
0,373.38,210.91,54.15,171.47,0.5209
0,358.67,94.48,70.94,143.12,0.4412
0,557.31,136.29,62.51,151.91,0.4191
0,281.43,123.25,53.74,168.44,0.405
0,483.56,191.66,45.26,177.22,0.3197
