0,942.19,391.28,82.93,219.85,0.8942
0,309.11,723.97,83.43,250.66,0.8837
0,1277.24,824.34,92.88,253.25,0.8729
0,1719.43,453.29,78.46,211.13,0.8602
0,906.16,955.75,74.92,124.25,0.8457
0,1618.35,77.23,51.08,161.32,0.8448
0,1125.53,48.66,54.24,159.46,0.8417
0,864.11,408.15,60.21,213.85,0.8337
0,1733.02,105.7,48.64,178.16,0.7872
0,1753.59,679.55,80.09,241.52,0.7741
0,801.73,139.35,62.73,171.61,0.7729
0,1477.79,112.18,49.03,157.83,0.7689
0,1486.35,0.65,58.87,120.49,0.7485
0,1575.88,597.81,100.41,226.68,0.745
0,403.72,364.74,66.66,206.9,0.7232
0,332.45,379.28,64.54,185.9,0.7132
0,454.29,207.06,66.07,196.77,0.6986
0,1421.39,2.14,52.66,124.95,0.6968
0,309.21,168.01,66.2,186.26,0.6051
0,240.36,109.78,47.76,184.69,0.5382
0,426.84,69.81,55.25,172.23,0.4946
0,372.7,214.89,50.74,166.29,0.4847
0,485.56,194.6,43.36,182.38,0.428
0,474.39,22.83,43.0,147.91,0.402
0,282.55,124.45,53.95,164.17,0.3895
0,358.69,95.06,71.81,154.84,0.3802
