0,328.09,843.57,93.35,234.62,0.8881
0,1192.14,123.12,52.46,165.23,0.8859
0,1721.19,454.63,76.64,209.54,0.8639
0,1739.33,673.56,91.01,245.51,0.8557
0,1189.66,665.43,85.92,255.15,0.8491
0,920.89,300.46,67.09,205.36,0.8367
0,914.49,943.34,60.1,136.66,0.8307
0,1572.19,590.43,111.34,235.53,0.826
0,837.81,314.02,66.22,203.94,0.8254
0,1674.07,144.34,53.68,160.82,0.8244
0,494.66,259.2,66.06,185.29,0.8127
0,1794.15,185.1,53.86,173.21,0.7959
0,1443.07,1.93,53.31,81.16,0.7736
0,294.74,453.65,83.02,200.54,0.7287
0,797.33,138.34,65.88,173.51,0.718
0,314.81,275.06,60.4,179.32,0.7113
0,391.63,266.8,75.5,199.43,0.7028
0,389.02,443.81,69.65,222.55,0.6475
0,230.9,136.46,50.94,160.17,0.5253
0,291.82,125.75,47.4,165.61,0.467
0,1376.58,2.21,43.45,84.84,0.4337
0,449.01,67.68,56.38,170.88,0.3039
