0,1218.2,729.84,90.78,261.8,0.8871
0,924.99,337.28,68.5,211.55,0.8651
0,1719.15,454.29,76.9,210.09,0.8627
0,930.3,930.83,67.98,148.84,0.8608
0,849.49,347.67,62.94,199.06,0.8593
0,324.08,793.62,84.66,263.83,0.8487
0,1740.02,672.17,91.13,243.58,0.8446
0,1643.93,114.24,60.15,167.73,0.8406
0,1154.21,87.48,57.76,164.97,0.8308
0,489.48,229.62,60.9,182.61,0.7942
0,417.93,245.22,65.74,193.98,0.7887
0,1582.51,593.97,97.2,230.09,0.7875
0,1764.66,150.94,62.29,168.89,0.7713
0,320.08,426.8,66.75,195.59,0.7509
0,391.14,412.53,63.85,210.25,0.7386
0,1464.33,0.0,53.43,97.78,0.733
0,797.56,138.64,65.56,171.63,0.7012
0,1397.07,0.0,54.59,101.0,0.6084
0,332.97,244.72,57.72,183.31,0.5107
0,1474.05,143.82,59.44,161.86,0.4866
0,289.42,124.03,53.45,166.36,0.4743
0,483.21,53.7,43.86,150.24,0.4349
0,346.26,76.0,79.16,210.99,0.4301
0,548.57,116.89,54.07,169.65,0.424
0,313.27,0.66,42.2,123.02,0.382
