0,1212.58,710.06,88.5,263.84,0.8705
0,1647.9,123.14,59.5,169.67,0.8638
0,849.75,340.23,60.74,204.29,0.8617
0,1739.4,673.37,92.6,245.18,0.8586
0,929.48,931.56,68.13,148.44,0.8573
0,1719.79,453.22,76.43,211.04,0.8564
0,928.49,325.56,66.27,206.45,0.8546
0,329.33,802.86,85.18,261.29,0.842
0,1154.0,99.2,64.62,165.38,0.8103
0,1571.91,593.14,107.19,230.56,0.7962
0,492.81,232.57,60.8,183.2,0.7861
0,390.35,415.26,67.02,208.75,0.775
0,305.65,431.69,82.64,193.75,0.7481
0,1473.28,149.9,59.26,155.16,0.7434
0,1767.05,151.98,66.91,180.98,0.7347
0,798.74,138.89,63.89,173.57,0.7056
0,332.08,251.07,60.11,180.0,0.6946
0,414.68,247.53,67.11,192.49,0.6732
0,1468.17,1.08,44.47,97.47,0.5599
0,453.17,75.59,47.93,168.13,0.4759
0,1393.23,0.58,38.84,96.26,0.4518
0,487.78,56.99,39.13,150.69,0.4235
0,426.92,0.94,59.67,133.18,0.3887
0,290.51,122.05,50.62,168.18,0.3826
0,549.35,115.93,53.36,168.54,0.3273
0,346.51,75.23,78.92,207.84,0.3223
