0,1287.96,832.72,93.02,246.98,0.8985
0,305.68,709.7,85.76,252.3,0.8907
0,1721.86,453.04,75.98,212.31,0.8556
0,905.88,955.16,75.18,124.84,0.8517
0,866.44,411.29,60.32,210.35,0.8471
0,949.38,393.82,68.74,217.97,0.834
0,1475.98,109.67,53.18,156.22,0.8284
0,1613.97,72.82,49.36,158.3,0.822
0,1122.08,42.8,56.36,151.91,0.7938
0,1577.69,593.19,99.32,232.13,0.7914
0,800.1,139.41,64.7,172.12,0.781
0,323.68,373.37,77.81,185.27,0.7692
0,407.77,358.9,66.15,209.87,0.7555
0,1758.36,678.07,73.26,250.75,0.7519
0,1727.35,98.1,47.65,174.56,0.7272
0,1491.13,0.22,54.55,123.68,0.7217
0,455.97,205.25,66.71,191.34,0.672
0,309.03,168.24,61.33,186.15,0.6109
0,424.39,61.35,54.53,178.07,0.6077
0,1421.21,0.63,56.06,129.25,0.6022
0,241.98,133.55,46.37,163.0,0.5713
0,372.64,208.27,55.62,170.01,0.4865
0,281.75,121.92,52.77,168.64,0.4263
0,358.06,92.48,70.13,142.66,0.4243
0,461.63,6.53,50.63,159.9,0.4064
0,254.85,2.3,43.02,111.05,0.311
