0,321.83,745.41,92.05,256.37,0.882
0,1126.33,63.76,62.89,163.95,0.8639
0,1260.6,787.43,91.58,278.71,0.8615
0,1621.95,93.81,58.29,163.01,0.8602
0,1719.82,454.57,77.29,210.07,0.8519
0,1488.03,0.56,57.03,118.47,0.836
0,1747.84,677.19,85.27,244.18,0.8277
0,858.69,387.44,60.79,210.19,0.8198
0,912.8,948.87,72.9,131.13,0.8194
0,946.7,369.89,61.96,214.45,0.8009
0,390.49,380.69,72.88,215.29,0.7912
0,1577.57,589.75,98.71,236.02,0.7903
0,798.8,139.26,65.53,171.89,0.7808
0,1409.51,0.17,52.82,118.21,0.7548
0,325.97,395.35,73.17,185.06,0.7207
0,1741.74,122.41,50.58,179.14,0.6701
0,432.67,73.16,56.2,169.49,0.6407
0,308.31,167.82,70.76,187.46,0.6263
0,360.07,229.58,56.25,170.89,0.5676
0,483.25,206.05,52.2,185.99,0.5318
0,240.73,125.04,51.5,172.95,0.5111
0,439.32,224.24,66.96,171.27,0.4753
0,285.11,123.75,51.81,166.93,0.3636
0,257.37,1.66,48.04,105.53,0.31
0,345.29,92.23,83.88,163.85,0.3016
