0,1208.08,707.74,90.61,265.56,0.8757
0,1649.13,126.41,59.07,166.76,0.872
0,849.26,339.62,60.42,205.49,0.8685
0,928.76,323.81,62.01,206.73,0.8619
0,329.72,806.45,90.64,265.94,0.8617
0,1720.5,452.95,75.81,211.76,0.8583
0,929.39,932.12,65.56,147.88,0.8549
0,1738.99,673.7,93.02,240.44,0.8515
0,1157.79,102.53,67.08,165.28,0.8007
0,493.43,238.18,63.21,184.33,0.7914
0,1473.13,154.24,63.21,152.1,0.7873
0,1572.87,594.05,105.97,231.9,0.7738
0,1775.71,171.38,61.61,166.38,0.7589
0,388.97,420.25,71.76,218.54,0.7366
0,798.11,139.01,64.06,174.22,0.7088
0,327.88,255.81,65.42,178.91,0.6696
0,1391.37,0.0,51.91,99.17,0.6591
0,328.34,432.21,56.39,193.79,0.6501
0,413.76,247.55,67.76,196.72,0.5968
0,1459.41,0.0,47.02,99.93,0.509
0,290.81,125.01,46.38,167.2,0.4243
0,490.9,61.87,38.44,150.6,0.3862
