0,329.69,809.58,95.18,259.09,0.8967
0,1203.04,704.92,94.75,269.29,0.8857
0,928.83,323.17,63.04,207.26,0.8773
0,848.86,337.83,59.23,205.32,0.8703
0,1719.44,453.18,76.85,211.44,0.8652
0,1650.94,126.26,58.99,165.63,0.8629
0,928.5,931.86,65.21,148.14,0.861
0,1739.01,673.27,92.09,244.07,0.8487
0,1162.03,104.18,68.11,164.99,0.8289
0,494.7,241.21,62.68,184.31,0.8151
0,1580.17,596.86,99.11,227.71,0.7924
0,1776.9,172.13,61.56,164.26,0.7898
0,389.62,423.2,72.56,218.92,0.7443
0,329.96,434.87,51.59,192.18,0.7082
0,797.74,138.72,65.25,173.24,0.7044
0,413.66,251.02,68.11,188.98,0.7032
0,1472.83,153.1,62.61,157.0,0.698
0,1453.52,0.0,52.9,98.31,0.6897
0,330.05,258.99,62.15,176.63,0.6168
0,1389.29,0.0,49.98,94.33,0.6121
0,450.9,65.31,52.87,176.4,0.4402
0,493.93,64.07,36.53,151.5,0.4101
0,344.66,77.72,84.75,206.64,0.3308
0,317.43,0.97,37.1,117.95,0.3199
0,289.97,123.18,48.04,167.64,0.3121
