0,1176.47,652.36,88.74,251.36,0.8942
0,329.15,856.31,91.51,222.94,0.8812
0,842.59,301.34,59.57,195.01,0.8784
0,1720.3,453.97,78.61,210.55,0.8698
0,499.39,266.2,63.85,182.76,0.8523
0,1193.14,132.98,59.56,165.41,0.8485
0,924.18,295.68,63.19,205.78,0.846
0,1739.05,674.39,91.41,245.2,0.844
0,1669.51,155.02,64.45,161.86,0.8425
0,907.32,945.34,64.28,134.66,0.8333
0,1572.24,589.76,110.71,236.38,0.8193
0,1802.45,187.84,58.74,177.47,0.8029
0,310.3,279.99,64.1,181.65,0.7898
0,386.56,275.07,78.4,201.48,0.7847
0,382.96,452.85,72.34,218.91,0.7699
0,303.72,462.88,74.74,200.99,0.7686
0,1439.56,1.8,51.11,80.95,0.7628
0,797.54,138.84,66.22,172.68,0.7317
0,231.09,132.7,51.12,166.58,0.695
0,291.51,124.52,47.24,166.41,0.5997
0,503.01,77.98,52.35,153.66,0.4889
0,446.94,23.67,59.15,215.22,0.4517
0,1364.82,1.31,49.34,77.57,0.3964
0,850.86,1.81,20.76,69.03,0.3721
0,876.55,1.69,26.1,74.06,0.3369
0,553.58,109.17,47.92,176.26,0.3103
