0,925.03,345.72,69.57,213.02,0.8806
0,322.05,773.5,89.16,257.65,0.8663
0,1235.66,744.98,87.99,271.38,0.8652
0,1718.47,454.88,78.07,209.78,0.8581
0,929.13,932.4,67.2,147.55,0.8541
0,1740.61,674.01,91.68,245.79,0.8516
0,850.56,362.74,67.39,209.49,0.8302
0,1477.06,0.29,52.57,104.39,0.7949
0,421.83,232.53,64.16,196.8,0.7917
0,797.74,138.93,65.35,173.18,0.7848
0,1584.01,595.75,94.87,228.5,0.7759
0,313.73,411.56,76.4,196.53,0.7754
0,477.07,223.7,64.11,179.52,0.7733
0,392.28,400.24,66.68,216.39,0.7726
0,1759.82,144.13,61.81,164.5,0.7616
0,1640.66,106.49,54.78,160.11,0.7575
0,1151.18,83.16,55.2,160.14,0.7558
0,1398.21,0.0,56.58,106.31,0.7123
0,442.24,77.09,49.51,166.17,0.5376
0,286.15,125.77,54.35,165.47,0.5269
0,478.62,51.09,44.63,146.3,0.4667
0,345.45,79.82,80.29,188.02,0.4016
0,229.82,109.07,55.87,190.29,0.3878
0,321.02,165.01,57.59,218.68,0.3738
0,552.77,108.55,51.3,178.97,0.3214
0,346.78,246.67,45.61,174.84,0.3087
