0,322.31,762.05,91.38,265.07,0.8657
0,1250.17,771.44,87.51,277.26,0.8638
0,1719.67,453.72,76.85,211.26,0.8555
0,1631.51,96.3,54.15,157.91,0.8533
0,1742.5,675.88,89.35,239.96,0.8515
0,1139.64,68.67,56.05,160.99,0.8512
0,922.68,941.07,67.28,138.93,0.8351
0,1488.47,0.48,51.82,107.45,0.8321
0,937.37,362.67,63.42,206.16,0.829
0,857.0,375.5,61.7,198.09,0.8185
0,391.96,388.22,71.53,211.36,0.8131
0,1749.42,129.03,60.47,172.79,0.7937
0,1406.33,0.0,52.24,118.88,0.7861
0,323.06,405.73,78.04,196.67,0.7843
0,799.43,139.04,64.67,173.91,0.75
0,1577.93,594.47,98.63,230.52,0.7389
0,480.37,213.76,57.27,185.62,0.6261
0,317.1,165.68,58.01,190.93,0.5523
0,284.31,123.03,51.82,170.86,0.5215
0,438.92,75.09,47.97,171.05,0.5201
0,237.95,123.83,50.52,175.06,0.4726
0,429.82,234.39,61.18,156.14,0.3884
0,469.74,39.05,54.5,153.13,0.3554
0,551.96,113.15,62.2,174.16,0.327
0,683.48,209.89,69.56,122.32,0.3027
