0,328.69,850.65,92.34,228.33,0.8886
0,1191.91,127.58,58.71,169.35,0.8719
0,1180.33,657.06,89.76,254.52,0.8693
0,1720.14,455.08,78.95,209.09,0.8679
0,497.47,264.7,64.49,183.16,0.8503
0,1670.92,149.73,61.8,158.41,0.8493
0,1739.37,674.32,93.13,243.08,0.8454
0,920.62,298.67,66.93,206.79,0.8448
0,907.32,944.98,67.2,135.02,0.8355
0,1574.07,590.8,109.49,235.64,0.8195
0,1800.56,183.78,54.9,172.05,0.8118
0,840.65,307.33,60.99,198.69,0.8081
0,388.13,271.46,77.8,196.12,0.7978
0,298.91,463.29,79.73,192.16,0.7849
0,310.83,277.92,64.07,180.73,0.7848
0,385.51,451.16,66.88,218.04,0.771
0,1442.49,2.1,49.07,80.02,0.7697
0,797.61,138.64,65.91,172.89,0.7387
0,230.7,132.72,51.89,166.8,0.7009
0,291.72,124.63,47.04,167.11,0.5924
0,504.36,75.43,48.8,154.6,0.5342
0,448.04,72.69,52.59,167.27,0.456
0,1368.28,1.29,52.96,78.77,0.3954
0,354.92,165.94,80.99,182.89,0.3567
0,850.47,1.96,21.44,68.81,0.3028
