0,1224.55,738.97,94.07,268.51,0.8734
0,924.05,341.94,71.79,214.25,0.8686
0,1719.62,453.98,77.01,210.82,0.8592
0,929.72,931.16,67.79,148.84,0.8493
0,1155.98,84.08,52.31,162.11,0.8466
0,322.05,786.29,85.38,260.05,0.8463
0,1739.89,673.54,90.77,243.17,0.8385
0,1645.92,109.67,54.39,163.61,0.8286
0,1581.28,595.06,97.61,228.51,0.8041
0,1467.91,0.0,55.94,100.59,0.8014
0,849.34,354.95,64.33,201.99,0.7853
0,419.92,243.34,63.5,194.74,0.7733
0,320.51,416.84,64.2,194.62,0.7672
0,484.33,230.03,63.35,179.36,0.7668
0,1763.37,150.89,51.12,168.27,0.7382
0,390.69,411.71,64.12,211.04,0.7372
0,797.4,138.83,65.93,172.83,0.7229
0,334.91,242.91,56.85,185.57,0.6106
0,1397.89,0.0,53.37,101.46,0.5733
0,289.54,122.23,52.3,169.62,0.4958
0,550.0,115.73,51.54,170.02,0.4261
0,482.2,54.0,44.77,147.06,0.4213
0,345.57,76.27,80.42,212.24,0.3978
0,314.0,0.81,40.92,118.28,0.3036
