0,304.9,704.2,87.22,252.04,0.8896
0,1291.24,838.49,92.75,240.54,0.8872
0,954.85,398.15,64.57,214.02,0.8655
0,866.81,415.26,60.4,210.62,0.8642
0,1119.88,36.06,56.24,157.98,0.8557
0,1608.97,66.42,51.72,160.08,0.8521
0,906.67,954.72,74.59,125.28,0.8485
0,1723.19,452.78,73.88,211.96,0.8478
0,1474.71,109.35,57.51,151.5,0.833
0,409.94,353.48,66.71,207.0,0.8138
0,1571.38,592.23,106.18,232.7,0.7956
0,324.79,371.83,82.7,186.98,0.7898
0,797.82,139.6,67.82,172.03,0.7782
0,1726.44,94.31,45.87,169.34,0.7681
0,1494.46,0.0,53.58,126.82,0.764
0,1756.92,678.53,74.83,254.17,0.7562
0,457.47,184.15,69.45,204.05,0.7371
0,423.62,66.61,56.66,176.47,0.6204
0,1424.75,1.31,53.75,129.9,0.6109
0,308.77,167.77,63.49,186.97,0.5832
0,240.72,135.31,48.42,158.86,0.5352
0,377.56,203.79,53.97,169.4,0.5309
0,281.06,122.31,53.13,169.48,0.4047
0,356.25,92.34,70.1,138.43,0.3788
0,462.95,7.97,48.32,155.09,0.3454
0,557.57,134.03,61.95,154.87,0.331
