0,1247.38,765.65,89.69,267.27,0.8776
0,321.01,765.3,91.69,268.11,0.8729
0,1742.1,675.91,90.47,241.76,0.8643
0,1720.24,454.76,76.48,209.66,0.8594
0,935.64,357.45,61.05,207.63,0.8517
0,924.29,938.16,67.49,141.84,0.8473
0,858.13,370.36,60.79,204.5,0.8356
0,1634.91,100.24,53.0,162.92,0.8291
0,1753.61,129.98,56.43,172.3,0.8207
0,392.38,389.23,70.74,209.96,0.8173
0,1143.42,70.73,56.58,162.45,0.816
0,1404.1,0.0,53.88,117.02,0.8054
0,321.3,408.55,75.57,196.95,0.8009
0,1486.11,0.63,53.53,104.72,0.7948
0,1574.66,591.67,102.57,232.45,0.7733
0,797.61,139.13,66.28,174.12,0.7694
0,478.99,214.78,58.95,179.02,0.6838
0,438.08,75.71,50.65,170.26,0.6038
0,472.29,39.14,56.0,149.34,0.5251
0,318.24,165.12,55.79,191.29,0.5131
0,284.73,124.25,52.6,165.88,0.5004
0,235.72,106.51,52.63,191.36,0.472
0,552.49,112.71,56.3,174.47,0.3843
0,427.6,239.45,61.62,129.3,0.3273
0,682.91,213.28,73.17,114.24,0.3189
