0,1199.88,689.71,85.57,268.8,0.8989
0,331.65,825.05,95.84,253.55,0.8911
0,1719.42,453.93,77.46,210.22,0.8589
0,846.7,324.57,59.24,197.1,0.8501
0,1782.69,169.35,56.43,162.35,0.848
0,924.32,316.61,61.51,208.63,0.8458
0,493.18,246.97,65.11,185.95,0.837
0,923.69,937.24,62.78,142.76,0.8368
0,1738.43,673.77,93.28,252.17,0.8326
0,1662.34,134.63,53.06,162.12,0.8276
0,1579.6,595.2,100.61,229.87,0.7935
0,1178.98,111.28,58.83,164.04,0.7746
0,390.6,431.14,69.78,218.29,0.7593
0,308.92,440.55,72.53,204.74,0.7399
0,798.11,139.03,64.42,172.49,0.7121
0,1455.52,1.09,45.91,95.25,0.7042
0,397.19,258.02,79.69,184.54,0.7035
0,325.99,259.88,55.76,183.77,0.698
0,455.46,68.53,47.83,170.56,0.5689
0,349.89,168.94,69.06,184.4,0.5641
0,494.91,66.39,38.37,149.33,0.5502
0,1383.63,1.21,45.28,89.53,0.5083
0,291.29,124.77,50.02,167.05,0.4491
0,684.04,207.3,76.03,114.57,0.3173
