0,323.65,754.64,90.86,261.64,0.882
0,1719.48,454.21,77.86,210.07,0.8557
0,1746.04,677.47,86.01,242.64,0.8517
0,1625.33,94.37,57.86,162.65,0.8491
0,1131.36,66.69,62.79,161.2,0.843
0,1254.63,780.78,90.56,282.07,0.8413
0,858.63,383.0,60.28,209.44,0.8349
0,919.01,944.82,68.46,135.18,0.8307
0,1489.01,0.33,54.54,109.84,0.8266
0,389.27,386.37,74.4,213.15,0.808
0,797.25,139.17,67.22,173.14,0.7795
0,941.15,366.69,63.76,215.25,0.7708
0,1576.06,589.88,100.12,234.78,0.7626
0,1744.45,127.95,60.03,171.6,0.7382
0,324.64,396.16,71.76,194.35,0.7378
0,1409.38,0.0,50.68,118.79,0.63
0,480.92,212.15,55.15,181.35,0.5812
0,354.06,226.98,54.61,175.39,0.5564
0,435.41,76.58,51.24,168.83,0.5522
0,313.84,170.09,60.28,189.04,0.5482
0,237.83,130.89,53.37,168.89,0.4601
0,1478.16,126.01,51.46,157.81,0.4285
0,283.76,122.01,52.05,172.53,0.4249
0,435.09,233.01,63.2,181.69,0.4103
0,683.75,211.82,74.41,120.93,0.3377
