0,305.95,686.26,91.82,253.54,0.9237
0,1109.57,25.64,58.83,157.98,0.8805
0,873.25,434.92,62.01,216.0,0.8799
0,1593.07,59.82,58.48,153.51,0.8531
0,1723.33,453.65,74.09,211.08,0.8529
0,1313.04,877.63,95.85,201.93,0.8513
0,908.87,949.19,70.45,130.81,0.8327
0,321.61,353.76,89.45,183.26,0.8181
0,1745.79,682.4,86.13,235.2,0.8037
0,970.0,417.52,65.6,218.4,0.7884
0,798.18,139.52,67.68,170.74,0.7706
0,1424.39,0.0,52.79,140.65,0.7637
0,414.67,344.4,63.21,208.36,0.7626
0,1573.8,597.17,103.95,227.18,0.7615
0,1484.31,101.39,52.36,150.52,0.7487
0,1714.2,81.56,47.81,171.57,0.7191
0,466.85,173.25,71.63,205.83,0.6992
0,1502.66,0.08,55.15,125.0,0.6392
0,387.08,189.79,51.0,176.23,0.5598
0,311.41,167.83,64.65,186.25,0.531
0,242.7,132.87,50.84,164.69,0.5281
0,463.27,5.48,49.96,148.68,0.4803
0,422.13,64.57,51.68,172.65,0.4484
0,284.57,124.36,50.58,166.58,0.3381
