0,1220.69,732.06,90.71,270.43,0.8853
0,925.31,338.54,69.02,213.26,0.8766
0,929.84,931.03,68.39,148.7,0.8618
0,323.72,790.95,83.84,261.16,0.858
0,1719.55,454.09,76.98,210.76,0.8554
0,849.69,349.39,63.33,199.75,0.8446
0,1740.31,673.43,91.13,241.17,0.8418
0,1644.56,112.25,58.64,164.98,0.8366
0,1156.1,86.39,54.31,164.26,0.8213
0,418.23,244.71,65.9,194.7,0.7942
0,1578.13,593.62,101.19,229.71,0.7726
0,1465.01,0.01,54.83,98.35,0.7706
0,486.71,229.15,63.12,181.48,0.758
0,321.12,419.89,64.25,199.57,0.7511
0,391.38,412.44,65.85,210.39,0.7463
0,1764.09,151.03,60.42,164.51,0.7156
0,798.19,138.9,65.16,172.5,0.6945
0,1397.07,1.86,32.61,95.14,0.5766
0,333.95,243.17,56.78,184.79,0.5619
0,289.29,122.64,53.08,169.18,0.4703
0,1474.53,141.14,59.77,162.36,0.4615
0,483.22,53.89,43.39,148.68,0.4173
0,547.4,115.22,55.43,171.21,0.3926
0,346.39,76.07,79.17,215.28,0.3727
0,684.51,278.43,51.49,129.33,0.3573
0,682.3,206.09,75.79,117.49,0.3536
0,446.66,76.49,51.71,168.2,0.3344
