0,1114.2,33.37,58.5,156.9,0.9064
0,1295.83,849.28,93.37,229.65,0.8824
0,306.49,701.32,88.15,257.57,0.8814
0,867.83,422.22,60.53,204.51,0.852
0,1723.94,452.36,73.96,213.28,0.8502
0,960.1,405.26,64.56,207.52,0.8476
0,907.48,954.23,72.84,125.73,0.824
0,1570.37,593.45,106.82,231.5,0.82
0,1476.33,109.09,57.19,149.76,0.8178
0,1722.02,94.18,49.29,168.61,0.7956
0,1604.57,65.11,53.1,155.65,0.7954
0,799.42,139.76,66.8,172.62,0.7785
0,329.68,369.31,72.99,188.95,0.7692
0,411.41,348.9,65.21,203.67,0.7476
0,1749.99,678.46,82.43,256.87,0.7314
0,1498.85,0.0,52.31,126.61,0.6847
0,1425.59,0.55,52.97,132.92,0.6798
0,459.79,182.64,71.8,203.62,0.6444
0,422.83,65.69,55.0,174.34,0.5648
0,309.38,167.4,65.12,187.02,0.5358
0,240.83,135.68,49.87,159.65,0.5282
0,383.39,201.21,46.41,170.92,0.4977
0,557.77,132.84,62.62,156.38,0.308
