0,297.34,678.03,98.86,249.25,0.9027
0,875.11,440.92,63.13,205.64,0.8637
0,1322.82,885.83,93.21,193.97,0.8588
0,969.23,419.39,67.81,221.84,0.8541
0,1112.36,18.9,50.48,157.47,0.8494
0,1723.22,455.04,74.91,209.72,0.8367
0,1595.12,52.1,54.53,153.22,0.8351
0,915.71,945.29,63.95,134.71,0.8242
0,1426.9,0.34,49.52,143.45,0.793
0,1744.13,681.93,89.49,232.82,0.7832
0,1574.16,593.35,103.66,229.79,0.7801
0,326.91,351.29,87.0,185.02,0.7659
0,799.99,139.74,64.52,171.99,0.7564
0,415.95,340.81,62.53,203.41,0.755
0,1710.05,80.71,50.83,164.77,0.6334
0,1503.0,0.74,54.24,128.62,0.6202
0,464.99,3.78,46.94,144.3,0.5476
0,243.64,131.71,49.85,166.79,0.5181
0,469.74,172.12,72.2,197.93,0.5089
0,311.07,168.11,65.8,185.82,0.4623
0,420.48,64.02,54.53,171.94,0.4437
0,1489.44,96.86,43.22,148.52,0.3867
0,390.21,189.39,49.97,170.7,0.3641
0,254.44,2.4,44.78,93.49,0.3489
0,286.61,124.08,49.52,166.85,0.3468
