0,1244.36,756.61,86.58,259.89,0.8716
0,1719.46,454.72,77.35,209.11,0.8615
0,320.87,767.53,92.04,265.3,0.8591
0,927.57,937.31,65.34,142.69,0.8527
0,931.55,351.93,62.92,209.69,0.8499
0,856.05,368.2,62.53,203.12,0.8452
0,1742.3,673.55,90.76,249.22,0.8395
0,1146.43,73.9,56.38,163.52,0.8385
0,1637.15,104.3,53.11,159.53,0.807
0,390.82,389.96,70.27,208.3,0.8048
0,1755.55,132.01,59.61,179.2,0.8043
0,1479.06,0.47,58.9,104.27,0.7987
0,1404.32,0.37,53.93,113.9,0.773
0,1576.78,595.22,100.96,228.86,0.7683
0,798.1,138.98,66.66,172.73,0.7608
0,321.84,412.39,69.14,192.66,0.7451
0,476.0,214.27,61.89,180.81,0.7147
0,437.95,76.64,51.97,170.82,0.5747
0,286.0,123.21,51.43,170.12,0.5437
0,1472.33,133.92,59.74,156.96,0.5343
0,230.13,104.64,57.45,194.17,0.5024
0,474.34,43.08,49.6,149.72,0.4906
0,320.36,165.05,54.86,191.02,0.4579
0,552.48,111.88,54.05,175.44,0.3428
0,355.39,236.46,42.06,177.37,0.3018
