0,1292.39,841.3,93.13,237.81,0.8941
0,305.48,702.62,87.75,255.3,0.8885
0,867.9,417.78,59.94,212.45,0.8826
0,957.08,400.69,63.67,211.02,0.8596
0,1119.21,35.04,56.23,158.42,0.8594
0,1722.79,452.0,74.73,213.02,0.8434
0,906.57,954.5,74.47,125.31,0.8405
0,1607.66,66.06,52.67,160.07,0.8404
0,1475.0,109.1,57.36,151.41,0.8222
0,1569.5,593.01,107.73,232.32,0.8053
0,410.71,351.74,65.14,201.42,0.7904
0,1725.91,94.15,46.43,169.71,0.7889
0,798.2,139.82,67.54,171.82,0.7819
0,327.46,371.48,82.21,187.66,0.7791
0,1753.29,678.32,78.8,256.23,0.7548
0,458.58,184.19,68.95,201.74,0.742
0,1496.57,0.0,52.09,127.45,0.7263
0,1432.39,1.3,46.22,130.57,0.6665
0,423.55,65.89,56.87,176.08,0.6626
0,308.38,170.47,71.49,184.42,0.5902
0,240.57,134.66,49.27,159.41,0.5673
0,377.77,204.24,53.13,164.06,0.5273
0,355.66,91.81,70.32,138.71,0.4108
0,280.34,122.88,53.92,168.62,0.3977
0,463.81,11.14,47.43,149.61,0.3768
