0,924.13,342.36,70.73,215.79,0.8897
0,1227.64,739.98,93.04,267.86,0.8789
0,1718.88,453.39,77.52,210.78,0.8639
0,929.63,931.73,67.32,148.27,0.8546
0,322.2,783.39,86.14,258.77,0.85
0,1646.26,109.45,53.38,162.85,0.842
0,1739.89,674.21,90.83,244.92,0.8397
0,1155.08,83.79,51.02,161.88,0.8334
0,1469.98,0.33,56.26,100.83,0.8029
0,850.78,356.59,63.17,206.84,0.7996
0,420.22,242.13,63.29,192.53,0.7786
0,484.59,230.76,61.0,178.54,0.7768
0,1593.32,595.33,85.73,229.22,0.7758
0,320.99,416.53,65.41,191.68,0.7521
0,797.61,138.71,65.53,173.89,0.7426
0,390.89,410.41,64.46,212.48,0.7383
0,1762.74,151.15,52.42,162.92,0.737
0,1397.59,0.0,53.86,101.74,0.5961
0,334.79,244.54,57.47,182.27,0.5884
0,288.39,123.48,53.16,168.53,0.4866
0,482.41,54.46,42.98,146.38,0.4222
0,344.88,75.53,80.6,198.26,0.3694
0,550.87,117.25,50.75,169.82,0.3363
0,683.55,215.68,75.25,108.69,0.318
