0,1201.37,698.75,88.15,269.66,0.9134
0,329.53,816.16,98.64,258.05,0.8913
0,1718.89,453.64,77.23,210.48,0.8645
0,927.41,320.62,60.8,209.37,0.8561
0,847.59,332.0,59.82,206.59,0.8484
0,1738.96,674.88,92.87,246.44,0.838
0,926.88,933.74,63.27,146.26,0.8272
0,1657.21,128.7,56.9,157.95,0.8246
0,1781.43,166.81,53.58,169.57,0.8205
0,492.99,244.68,63.87,188.22,0.8198
0,1171.66,107.73,61.53,161.77,0.8159
0,1471.87,157.68,64.15,157.07,0.8002
0,1587.62,593.82,92.66,230.64,0.7855
0,797.77,138.22,64.67,173.58,0.7754
0,390.01,428.85,71.48,220.33,0.7627
0,1453.5,0.0,51.87,97.1,0.7134
0,303.77,433.6,79.6,197.43,0.7042
0,323.77,260.47,62.44,175.82,0.6967
0,408.12,255.59,68.23,186.9,0.6895
0,1384.71,1.33,48.55,89.02,0.6278
0,454.12,66.02,49.23,173.57,0.5549
0,494.1,66.42,35.2,149.79,0.5083
0,349.77,167.13,64.43,192.89,0.4338
0,289.01,123.29,47.25,168.77,0.3678
0,684.08,211.28,73.53,116.0,0.3045
