0,323.41,755.68,91.1,266.65,0.8807
0,1744.91,676.52,86.87,243.99,0.8637
0,1134.27,67.07,59.66,162.51,0.8532
0,1719.51,454.03,77.5,210.4,0.8526
0,1627.74,94.55,56.49,160.68,0.8493
0,1252.83,778.33,90.58,280.69,0.8337
0,919.69,943.7,68.4,136.3,0.8322
0,857.49,380.79,60.99,208.67,0.8286
0,1488.86,0.38,53.64,109.87,0.8132
0,941.27,365.77,62.48,213.08,0.8129
0,390.45,386.86,72.73,212.45,0.804
0,797.26,138.98,68.18,173.67,0.7792
0,1577.96,593.77,98.08,231.11,0.7549
0,324.65,398.3,71.71,198.35,0.7488
0,1745.12,128.78,62.81,173.54,0.7399
0,1408.16,0.0,52.06,119.56,0.6491
0,481.04,212.34,54.62,180.97,0.6112
0,237.33,127.89,53.03,173.39,0.5871
0,436.18,77.63,50.58,168.32,0.5447
0,314.54,167.52,60.74,190.71,0.5365
0,355.2,227.34,53.0,175.67,0.5101
0,434.12,232.84,65.44,182.05,0.462
0,286.32,122.48,50.17,172.23,0.4467
0,1478.18,127.02,50.95,159.8,0.3508
