0,1245.91,760.21,86.51,263.36,0.8785
0,321.05,766.4,91.74,266.75,0.8725
0,1742.48,674.59,89.77,242.58,0.8604
0,1720.19,453.85,76.87,210.8,0.8583
0,857.84,370.08,61.08,200.93,0.8537
0,933.81,354.46,61.42,207.86,0.8487
0,926.61,937.58,65.83,142.42,0.8473
0,1144.89,71.78,57.68,162.23,0.8263
0,320.51,409.66,73.23,196.02,0.819
0,1635.13,102.68,54.86,159.11,0.8177
0,392.79,390.35,69.03,208.85,0.8126
0,1482.31,0.56,57.32,105.37,0.8004
0,1573.23,592.19,104.51,232.81,0.7941
0,1754.05,130.33,61.55,174.72,0.7831
0,1403.59,0.16,54.83,115.46,0.7805
0,797.51,138.93,67.02,172.83,0.7777
0,479.26,213.15,58.47,182.85,0.73
0,286.48,123.09,50.39,170.64,0.5409
0,439.08,76.25,50.63,170.29,0.5266
0,231.05,105.08,57.14,193.36,0.4781
0,426.75,235.69,64.53,152.51,0.4576
0,472.74,40.35,52.14,150.62,0.4462
0,1472.4,133.12,59.69,157.44,0.4298
0,553.94,115.22,53.46,171.4,0.4185
0,319.84,164.8,54.74,193.99,0.4006
