0,308.16,695.34,89.25,260.93,0.9073
0,1110.32,32.91,59.21,157.79,0.8675
0,871.37,432.88,61.04,214.9,0.8668
0,1723.21,454.76,74.64,209.84,0.8549
0,1305.69,869.11,90.85,210.67,0.8483
0,908.57,952.3,71.88,127.7,0.8446
0,1599.99,63.34,53.99,155.94,0.8392
0,326.31,359.37,82.97,189.33,0.8252
0,1749.71,682.68,82.35,238.37,0.8014
0,1428.8,0.0,48.48,142.18,0.7846
0,966.52,414.65,66.17,221.6,0.7794
0,413.45,346.2,63.7,206.46,0.7774
0,1717.53,86.93,50.14,175.08,0.7721
0,1571.35,592.95,105.78,230.03,0.7631
0,797.53,139.28,67.42,172.7,0.7625
0,1480.67,105.09,55.29,153.58,0.6787
0,1499.64,0.67,57.36,132.39,0.6567
0,465.76,181.67,63.96,202.77,0.581
0,422.97,64.17,54.38,177.36,0.5304
0,310.27,167.71,63.08,186.07,0.5126
0,385.39,194.34,46.06,169.82,0.441
0,470.12,10.81,42.75,146.32,0.4273
0,241.33,133.62,50.99,162.78,0.4238
0,558.22,138.45,62.22,149.8,0.3573
0,284.55,126.59,50.01,163.31,0.3002
