0,1129.75,562.63,86.28,249.49,0.9121
0,392.7,962.71,86.48,117.29,0.872
0,1854.52,246.49,62.8,184.4,0.8674
0,1719.92,456.53,77.59,209.89,0.8626
0,1713.55,208.03,56.68,163.66,0.8412
0,373.24,507.21,62.99,228.57,0.8351
0,936.72,239.66,62.07,197.9,0.831
0,853.09,249.41,57.88,185.19,0.8274
0,890.97,938.42,56.49,141.58,0.8196
0,478.72,318.57,71.4,196.35,0.8001
0,1572.71,596.55,105.09,230.63,0.7941
0,582.28,539.49,60.11,250.05,0.7846
0,359.7,320.86,72.99,189.19,0.7292
0,292.6,322.17,68.86,190.56,0.699
0,270.7,531.38,97.29,200.67,0.6861
0,803.51,141.15,59.49,172.68,0.66
0,1655.97,649.96,97.11,266.24,0.63
0,236.07,141.87,46.55,156.24,0.5759
0,283.06,124.02,54.61,168.03,0.5609
0,1472.44,212.99,66.74,152.47,0.5455
0,1283.35,180.23,71.74,141.39,0.5368
0,390.3,16.74,61.64,159.05,0.3781
0,631.54,762.27,49.55,154.71,0.3216
