0,348.01,892.8,100.47,186.01,0.8812
0,1153.56,620.79,92.3,255.81,0.8733
0,1718.46,452.32,78.05,214.75,0.8649
0,926.98,276.23,64.57,202.28,0.8437
0,847.4,281.9,56.42,192.93,0.8363
0,1571.4,590.92,109.43,235.6,0.8363
0,905.58,950.12,65.95,129.83,0.8262
0,1688.22,172.03,56.48,161.62,0.825
0,1825.16,210.18,59.77,188.23,0.8209
0,589.32,552.09,84.88,237.0,0.8067
0,387.62,291.94,69.84,189.74,0.7648
0,382.18,472.72,67.09,224.88,0.7598
0,1227.58,152.07,60.6,164.55,0.7487
0,1468.82,183.79,62.23,154.12,0.7341
0,303.31,294.14,61.77,184.12,0.7292
0,798.38,139.55,65.28,172.91,0.7247
0,291.99,485.59,86.19,197.98,0.7206
0,498.77,283.82,62.47,187.02,0.7146
0,1346.83,0.94,53.89,69.23,0.6361
0,1736.41,667.43,95.04,257.59,0.6014
0,288.85,124.08,50.5,167.99,0.5944
0,232.85,142.57,50.83,154.0,0.522
0,879.32,1.36,32.43,75.59,0.4367
0,384.49,179.75,50.57,147.18,0.419
0,343.94,77.68,52.3,159.97,0.3892
0,1778.02,626.78,58.85,130.72,0.3713
0,1439.53,1.29,34.46,68.4,0.3365
0,545.26,118.07,55.14,168.31,0.3214
0,434.66,170.65,53.71,185.83,0.3087
