0,1138.64,571.03,78.29,240.2,0.8932
0,938.99,245.13,60.23,196.01,0.8766
0,1718.83,455.52,80.99,209.1,0.8601
0,850.16,256.74,57.35,194.29,0.8566
0,1700.43,201.03,64.29,172.6,0.8529
0,375.78,949.0,88.46,130.28,0.8511
0,373.6,502.09,62.32,229.2,0.8422
0,479.68,305.62,77.04,195.56,0.808
0,895.66,942.93,60.92,136.91,0.8022
0,1851.0,243.03,62.96,188.99,0.7963
0,298.42,521.68,72.18,212.28,0.7749
0,574.21,541.45,70.54,249.25,0.7656
0,1575.73,596.15,103.17,231.01,0.7573
0,798.12,141.76,64.99,171.5,0.751
0,368.12,317.49,66.73,188.13,0.7335
0,296.45,318.61,65.32,189.11,0.7153
0,1473.12,207.37,60.8,143.76,0.7023
0,235.54,140.33,52.07,160.78,0.7006
0,1666.86,664.69,100.61,251.06,0.6398
0,286.97,123.94,51.13,168.3,0.6382
0,437.63,183.33,67.69,152.29,0.5441
0,492.73,166.38,55.42,152.31,0.5054
0,386.21,9.52,60.15,162.7,0.4033
0,442.87,69.02,40.7,125.36,0.3668
0,356.52,85.05,69.6,191.76,0.3163
0,868.5,0.64,42.22,78.1,0.3104
