0,1176.53,633.97,84.18,253.38,0.936
0,334.63,874.62,90.24,204.36,0.8858
0,1675.17,163.49,61.26,160.34,0.8835
0,924.49,283.84,67.58,199.19,0.8667
0,499.85,269.18,64.82,185.58,0.8577
0,1721.92,454.84,74.21,210.3,0.8508
0,903.55,946.6,67.84,133.4,0.8424
0,1572.26,590.45,111.17,233.5,0.8311
0,1740.48,670.71,92.5,249.56,0.8253
0,844.52,296.64,57.11,198.4,0.8242
0,1808.83,198.46,59.05,185.94,0.7945
0,382.72,456.28,65.64,215.7,0.7865
0,1202.32,138.99,57.12,170.53,0.7855
0,304.6,471.91,74.91,204.38,0.7462
0,309.28,282.02,64.75,186.86,0.7405
0,391.36,277.02,69.78,199.08,0.7214
0,797.16,138.92,66.5,172.64,0.7125
0,232.63,133.57,50.44,163.28,0.6547
0,290.32,125.35,48.35,165.92,0.6524
0,1440.47,1.52,39.71,70.98,0.5991
0,1361.43,2.22,38.57,69.89,0.5218
0,500.63,85.2,56.98,156.17,0.505
0,444.27,74.34,54.97,164.72,0.4276
0,368.59,175.1,54.21,162.17,0.3853
0,1472.85,179.51,63.86,143.22,0.3745
0,551.84,106.01,50.02,180.88,0.317
0,344.16,76.01,54.46,172.82,0.3169
0,378.5,0.0,52.0,131.64,0.309
