0,1169.28,627.77,88.75,259.94,0.9005
0,341.3,881.0,90.58,199.0,0.8762
0,497.93,277.65,65.5,188.43,0.8663
0,927.81,278.26,63.29,205.16,0.8553
0,1681.31,165.28,58.29,158.24,0.8547
0,1720.61,454.6,74.02,211.0,0.8534
0,845.79,295.45,57.22,198.77,0.836
0,905.98,949.87,65.05,130.12,0.8279
0,1815.21,203.4,65.23,180.21,0.8256
0,1573.9,592.38,108.07,233.95,0.8244
0,1744.34,668.03,88.76,252.93,0.8232
0,1216.21,141.18,51.73,167.78,0.797
0,381.72,463.19,67.31,223.54,0.7601
0,391.66,281.41,68.02,197.2,0.7425
0,310.62,287.94,62.59,186.48,0.7361
0,593.67,553.28,81.22,235.78,0.7344
0,798.52,139.24,65.25,174.46,0.7102
0,319.18,477.65,59.79,199.23,0.7023
0,1355.82,1.22,50.73,70.39,0.6663
0,233.1,135.99,50.7,161.76,0.644
0,1440.53,0.82,35.34,69.44,0.6318
0,289.69,124.0,48.83,168.04,0.6071
0,1471.97,178.4,63.97,152.11,0.5145
0,380.04,177.35,42.32,149.83,0.4485
0,549.82,119.81,50.54,166.51,0.4436
0,345.71,72.94,53.51,173.67,0.3956
0,1268.16,131.13,37.21,130.44,0.3935
0,444.45,74.24,50.26,161.5,0.3843
0,504.99,91.65,53.71,151.22,0.3421
