0,1695.96,191.92,67.78,173.91,0.8925
0,1720.04,454.61,80.4,205.78,0.8698
0,364.88,931.05,95.27,148.95,0.8591
0,1141.69,586.93,85.28,252.1,0.8588
0,847.94,261.53,57.76,189.65,0.8499
0,936.01,256.78,57.14,196.3,0.8155
0,1574.73,595.22,104.54,231.26,0.8097
0,293.03,506.67,76.66,201.35,0.8082
0,369.83,309.89,71.34,189.97,0.8025
0,1843.06,232.05,61.55,189.2,0.7886
0,377.27,496.09,62.69,232.22,0.7856
0,490.65,300.2,67.0,191.92,0.7794
0,295.05,311.89,62.27,191.77,0.7387
0,902.06,944.73,61.22,134.92,0.7382
0,583.11,547.14,67.11,242.34,0.7367
0,1468.61,203.11,66.6,142.49,0.7177
0,462.65,170.19,74.11,183.61,0.7126
0,798.72,141.68,64.62,170.54,0.7025
0,234.89,139.44,52.32,159.99,0.6735
0,1706.72,682.93,84.49,232.17,0.5993
0,286.75,121.94,52.33,170.74,0.5679
0,1343.5,2.03,40.76,63.79,0.5449
0,429.85,172.75,43.11,159.21,0.5015
0,384.74,3.8,56.67,145.61,0.4566
0,541.55,115.26,60.19,172.76,0.3793
0,802.29,0.48,32.5,61.43,0.3761
0,441.5,69.55,41.22,133.06,0.3743
0,1408.75,1.18,59.0,58.41,0.3666
0,738.16,40.24,42.52,149.76,0.3312
0,1248.8,157.23,57.38,163.25,0.3166
0,1730.43,628.18,63.82,139.41,0.3134
0,855.26,1.67,29.56,74.26,0.3043
