0,1703.01,181.29,56.35,166.75,0.8907
0,358.47,923.76,97.94,155.82,0.882
0,1147.64,593.01,85.9,252.54,0.8586
0,1720.65,454.39,78.62,207.07,0.8569
0,929.12,259.12,64.78,199.09,0.8554
0,1708.98,683.61,98.54,231.95,0.8368
0,1244.49,165.92,59.75,154.96,0.8255
0,844.38,271.12,61.21,197.39,0.824
0,280.09,502.7,93.44,203.79,0.805
0,1574.11,597.95,106.2,228.31,0.7977
0,491.85,296.29,66.52,187.01,0.7972
0,903.65,946.07,63.31,133.52,0.7936
0,380.34,483.79,64.48,237.51,0.7888
0,1836.93,224.68,53.3,175.64,0.7648
0,373.62,301.05,71.32,190.55,0.7503
0,1466.75,192.03,65.05,154.9,0.7346
0,583.45,548.96,74.52,241.4,0.7343
0,448.12,168.61,74.49,188.11,0.7109
0,810.9,140.86,52.19,171.95,0.7088
0,295.02,304.17,62.01,182.14,0.7038
0,1748.62,627.14,61.35,133.92,0.6467
0,411.68,169.96,53.38,164.4,0.5586
0,234.16,140.84,50.45,156.69,0.5303
0,1423.5,1.53,43.72,59.32,0.4255
0,286.01,118.81,53.63,173.08,0.4012
0,879.23,1.61,33.61,76.59,0.3934
0,441.17,71.13,44.74,133.08,0.3525
0,851.28,0.95,28.96,71.65,0.3388
0,384.49,2.15,56.22,150.86,0.3346
