0,1128.0,562.29,84.68,248.72,0.9238
0,395.03,964.06,88.7,115.94,0.8764
0,1720.04,456.13,77.73,209.87,0.8664
0,1855.61,248.57,59.82,187.7,0.8493
0,937.91,239.78,62.27,197.71,0.8256
0,1714.27,209.37,57.3,165.58,0.8249
0,853.44,247.16,58.14,186.08,0.8218
0,889.73,937.19,56.17,142.81,0.8201
0,373.88,509.97,63.56,230.99,0.8196
0,1571.76,595.54,104.9,231.26,0.8026
0,584.64,539.13,57.84,249.53,0.7897
0,480.89,319.07,68.76,196.18,0.7775
0,292.96,324.29,68.73,190.62,0.6941
0,359.23,320.81,72.81,191.88,0.6897
0,294.52,531.95,74.36,203.44,0.6465
0,807.75,140.75,54.8,172.72,0.6241
0,1652.76,663.47,99.76,252.88,0.6193
0,284.71,124.13,52.52,167.89,0.5672
0,235.07,140.76,46.88,157.23,0.5328
0,1473.78,214.02,69.89,150.51,0.4939
0,1291.86,178.81,66.82,143.12,0.3968
0,391.93,16.52,60.5,156.14,0.3678
0,369.41,101.38,59.68,176.13,0.336
0,860.11,1.95,50.43,80.92,0.3336
