0,1126.11,562.06,85.7,246.71,0.9114
0,396.11,965.3,90.93,114.7,0.8698
0,1720.34,456.47,76.68,209.4,0.8616
0,1856.89,250.97,59.76,190.68,0.8556
0,888.33,936.8,56.18,143.2,0.8383
0,936.97,239.38,61.06,197.83,0.83
0,854.37,244.9,57.43,186.26,0.8242
0,372.88,512.19,64.15,231.06,0.8165
0,1714.89,212.5,57.06,165.91,0.8077
0,1573.65,594.73,102.66,232.52,0.7902
0,479.6,320.24,69.63,195.33,0.7739
0,585.65,538.94,56.61,249.36,0.7702
0,264.94,532.52,104.6,199.98,0.7057
0,360.68,321.81,70.63,191.74,0.6994
0,803.65,141.06,58.74,172.0,0.6819
0,1650.27,630.11,104.99,286.85,0.677
0,294.22,325.14,67.31,190.23,0.6323
0,285.93,123.64,52.55,168.84,0.5659
0,1473.15,216.11,66.45,150.47,0.5267
0,233.35,137.22,48.93,162.75,0.473
0,860.24,1.74,50.67,81.2,0.3343
0,737.99,39.21,39.28,149.4,0.3294
0,813.29,0.82,30.0,60.18,0.3099
