0,403.65,975.63,100.88,104.37,0.8762
0,1720.69,457.28,75.35,208.69,0.8575
0,1722.47,218.77,56.49,171.41,0.8564
0,1121.88,551.39,79.58,240.86,0.8473
0,274.31,540.06,92.6,213.13,0.8399
0,1864.06,258.08,55.33,192.37,0.8179
0,855.82,237.42,60.25,190.61,0.8168
0,883.77,933.82,56.8,146.18,0.8155
0,936.74,234.62,59.15,197.33,0.8055
0,374.82,518.27,63.68,238.55,0.7756
0,474.68,324.43,69.65,191.69,0.7702
0,588.49,538.55,54.48,250.32,0.7596
0,1573.05,593.22,101.91,233.1,0.7426
0,1649.06,634.44,101.87,281.07,0.73
0,351.86,330.12,79.29,203.45,0.7264
0,289.86,334.48,66.94,199.01,0.5855
0,801.63,140.67,59.62,172.79,0.5386
0,473.39,170.77,41.93,162.43,0.5095
0,516.94,171.76,69.52,187.46,0.467
0,287.37,123.67,50.32,170.29,0.454
0,857.38,1.51,42.27,81.46,0.4336
0,1481.43,1.31,25.66,50.27,0.4249
0,444.23,71.34,41.17,144.9,0.3375
0,1472.99,223.5,69.68,152.3,0.3265
0,818.14,1.28,36.74,63.71,0.3071
