0,1698.16,197.71,65.79,174.37,0.8848
0,1719.83,454.57,80.37,209.44,0.8691
0,937.28,251.9,59.39,197.93,0.8604
0,849.35,258.53,56.62,193.16,0.8601
0,1140.21,578.58,79.06,248.44,0.8556
0,370.35,938.49,91.95,140.96,0.8478
0,296.57,515.04,76.43,208.91,0.8215
0,486.21,302.2,70.92,188.5,0.8049
0,374.77,500.41,61.62,224.87,0.8034
0,1575.17,595.21,103.21,231.92,0.788
0,897.75,943.66,61.54,136.04,0.7765
0,369.74,315.66,67.49,186.04,0.7759
0,1847.51,239.58,68.44,188.02,0.7671
0,1472.0,206.48,62.73,143.47,0.7671
0,294.75,318.18,64.61,191.53,0.7323
0,580.15,545.09,68.09,245.23,0.7222
0,799.76,141.59,63.51,170.95,0.7195
0,235.33,139.22,52.5,160.9,0.6806
0,1696.92,676.87,81.22,239.29,0.6582
0,286.78,123.58,50.16,168.24,0.5897
0,487.34,166.84,54.92,172.16,0.5447
0,430.31,181.03,59.38,152.99,0.5082
0,862.42,1.29,20.21,73.96,0.4392
0,385.4,4.87,58.57,158.16,0.4171
0,879.12,1.8,33.24,77.48,0.4098
0,803.45,1.27,31.82,60.23,0.3871
0,1253.78,144.41,61.85,176.92,0.3768
0,1719.68,631.68,63.36,140.61,0.3557
