0,1698.72,199.47,65.18,173.87,0.8755
0,1718.89,454.94,81.52,210.36,0.8674
0,937.84,249.48,61.01,191.62,0.8618
0,1140.1,576.39,78.76,242.39,0.8608
0,371.43,942.01,91.42,137.11,0.849
0,849.67,257.85,56.56,193.04,0.8438
0,1574.96,595.38,104.13,231.73,0.8195
0,297.61,517.12,74.31,210.8,0.8134
0,374.8,501.1,60.69,228.71,0.8116
0,482.93,303.0,73.82,189.29,0.7974
0,898.33,943.7,59.46,135.78,0.7818
0,1848.23,241.11,63.64,189.94,0.7721
0,575.01,544.41,72.55,245.92,0.7597
0,369.94,316.16,66.03,186.59,0.7496
0,1473.05,206.68,62.24,141.57,0.7341
0,295.52,317.74,64.57,190.75,0.7229
0,800.67,141.62,62.33,170.93,0.7064
0,235.36,139.93,51.77,160.37,0.7059
0,1679.77,674.12,95.9,243.91,0.6924
0,488.22,166.41,55.55,162.73,0.6107
0,286.54,119.84,51.63,175.5,0.6103
0,434.67,181.6,62.37,152.67,0.4994
0,385.65,5.82,59.55,155.73,0.4616
0,879.42,1.8,32.73,77.1,0.4112
0,863.38,0.74,18.93,74.89,0.3976
0,1256.6,141.62,61.93,179.32,0.3732
0,1719.71,631.83,61.53,241.01,0.3467
0,802.89,1.16,32.99,60.82,0.3314
