0,347.13,890.69,99.11,187.82,0.879
0,1718.16,453.7,78.04,212.71,0.8701
0,1155.44,623.32,97.35,258.15,0.8675
0,928.16,277.04,64.33,203.45,0.8509
0,1822.51,206.97,60.18,181.95,0.8411
0,1573.92,589.71,106.11,237.75,0.836
0,846.62,284.86,57.32,191.06,0.8335
0,1688.52,169.76,55.54,162.02,0.8309
0,905.49,950.22,63.66,129.66,0.8225
0,589.4,551.93,85.01,236.85,0.7998
0,496.81,284.09,64.07,187.66,0.7775
0,1469.55,182.19,62.08,156.41,0.7731
0,381.83,472.34,64.32,224.8,0.7631
0,303.4,292.79,63.04,186.35,0.7569
0,389.01,289.54,71.22,191.3,0.7495
0,291.04,481.35,86.86,197.87,0.7347
0,798.09,139.2,65.43,172.83,0.6975
0,1226.09,148.63,59.71,169.37,0.6965
0,1740.9,669.39,90.66,254.0,0.6615
0,1348.88,1.09,54.21,70.25,0.6191
0,289.11,124.09,49.86,168.04,0.6155
0,233.02,142.47,51.01,155.91,0.5495
0,547.54,113.99,52.74,172.65,0.4239
0,381.51,173.62,55.37,162.92,0.4069
0,344.67,76.45,52.69,157.99,0.4036
0,880.54,0.76,31.1,76.96,0.4029
0,504.94,86.86,48.01,161.32,0.3926
0,1778.98,627.63,58.19,127.35,0.3342
0,852.01,0.43,28.29,71.89,0.3319
0,736.31,39.95,49.32,146.11,0.321
0,381.59,0.0,54.17,134.08,0.321
0,1440.64,1.77,26.53,68.64,0.3147
0,684.0,277.29,52.13,130.63,0.3125
