0,354.09,908.59,101.78,170.61,0.8714
0,1718.35,452.94,79.45,215.49,0.8688
0,1151.21,604.22,87.24,241.18,0.8658
0,924.3,265.94,66.18,196.31,0.8487
0,1572.48,593.38,108.28,233.7,0.826
0,904.41,949.87,65.69,129.75,0.8157
0,845.81,275.09,59.99,198.97,0.8123
0,494.26,286.74,62.51,185.76,0.7925
0,1466.3,185.6,63.74,149.13,0.7872
0,587.48,551.3,79.82,239.54,0.7849
0,1830.43,221.0,61.4,184.4,0.7845
0,1708.64,683.23,116.36,232.83,0.7368
0,1699.0,179.04,53.05,165.14,0.7319
0,380.64,297.87,72.23,180.9,0.727
0,381.17,477.83,67.71,222.28,0.7269
0,299.29,496.76,75.11,209.97,0.723
0,299.25,296.92,63.02,186.05,0.6851
0,1431.82,1.71,37.15,63.37,0.6592
0,808.83,140.26,54.48,173.76,0.658
0,1235.63,160.94,56.03,157.22,0.5928
0,288.25,121.9,51.26,169.97,0.5363
0,505.71,102.2,40.66,155.59,0.5319
0,232.86,135.2,50.61,162.85,0.4634
0,549.52,122.1,50.11,164.98,0.4553
0,399.5,180.96,59.25,148.93,0.4059
0,1768.81,626.08,58.69,266.59,0.3993
0,878.14,1.7,33.77,76.48,0.3824
0,442.92,72.19,45.37,127.04,0.3588
0,344.23,76.8,49.7,162.88,0.3313
0,1343.75,1.29,48.73,67.91,0.315
0,381.52,0.0,56.19,140.96,0.3086
0,851.97,0.49,29.69,72.17,0.3039
