0,1698.09,187.34,64.86,171.5,0.88
0,1144.0,589.28,86.43,253.64,0.8731
0,361.94,926.68,95.93,153.18,0.8686
0,1720.72,454.71,78.59,203.24,0.8682
0,845.73,265.21,59.77,190.4,0.8377
0,931.02,257.18,60.22,201.63,0.8347
0,1840.74,226.59,61.89,183.62,0.7897
0,1574.38,596.04,105.14,229.85,0.7835
0,902.93,944.92,62.4,134.54,0.7787
0,378.5,491.6,59.34,233.92,0.7769
0,294.17,308.23,63.36,189.31,0.7719
0,490.97,299.89,66.55,184.57,0.7695
0,285.62,504.06,82.5,202.82,0.7673
0,371.72,305.33,69.93,196.96,0.7657
0,1468.08,199.46,64.64,148.49,0.7338
0,584.59,547.94,68.61,241.49,0.7232
0,811.73,141.47,51.56,170.88,0.698
0,1708.85,681.48,90.36,234.44,0.6516
0,234.96,139.79,51.11,157.94,0.5843
0,453.83,174.74,72.73,182.81,0.55
0,1244.17,172.87,62.19,147.61,0.5458
0,286.41,119.44,52.04,173.15,0.4819
0,425.62,179.52,44.74,147.77,0.4279
0,384.57,3.69,57.06,134.28,0.4136
0,441.21,69.24,42.43,140.53,0.3711
0,850.86,1.76,30.32,73.54,0.348
0,1739.71,627.1,61.94,135.91,0.327
